Extension,Load,Tensile strain,Tensile stress,Strain 1,Tensile extension,Offset strain,Tensile stress offset
,,0,0,,,0.001937,0
0.00719,103.81453,0,11.59291,0,-0.00001,0.002,11.59291
0.00744,104.56255,0,11.67644,0,0.00004,0.002,11.67644
0.00956,117.28703,0.00001,13.09738,0.00001,0.00036,0.00201,13.09738
0.0125,150.13152,0.00002,16.7651,0.00002,0.00119,0.00202,16.7651
0.01375,166.4184,0.00003,18.58385,0.00003,0.00159,0.00203,18.58385
0.01531,179.26428,0.00004,20.01834,0.00004,0.00194,0.00204,20.01834
0.01731,200.68872,0.00005,22.4108,0.00005,0.0025,0.00205,22.4108
0.019,218.02711,0.00006,24.34697,0.00006,0.00294,0.00206,24.34697
0.02031,230.73932,0.00007,25.76653,0.00007,0.00328,0.00207,25.76653
0.02244,250.37421,0.00008,27.95915,0.00008,0.0038,0.00208,27.95915
0.02425,270.65479,0.00009,30.22387,0.00009,0.00432,0.00209,30.22387
0.0255,284.66574,0.00009,31.78847,0.00009,0.00469,0.00209,31.78847
0.02694,296.81964,0.0001,33.14569,0.0001,0.00504,0.0021,33.14569
0.029,318.91144,0.00011,35.61267,0.00011,0.00564,0.00211,35.61267
0.03069,335.4679,0.00012,37.46152,0.00012,0.00609,0.00212,37.46152
0.03194,348.8894,0.00013,38.96029,0.00013,0.0064,0.00213,38.96029
0.034,366.17731,0.00014,40.89082,0.00014,0.00684,0.00214,40.89082
0.03594,388.35458,0.00015,43.36735,0.00015,0.00741,0.00215,43.36735
0.03725,402.30542,0.00016,44.92523,0.00016,0.00777,0.00216,44.92523
0.03856,412.89255,0.00016,46.10749,0.00016,0.00808,0.00216,46.10749
0.04069,435.1041,0.00017,48.58784,0.00017,0.00862,0.00217,48.58784
0.04237,450.52124,0.00018,50.30946,0.00018,0.009,0.00218,50.30946
0.04362,463.94528,0.00019,51.80852,0.00019,0.00936,0.00219,51.80852
0.04556,480.78159,0.0002,53.68862,0.0002,0.00979,0.0022,53.68862
0.04756,501.21518,0.00021,55.97043,0.00021,0.01034,0.00221,55.97043
0.04894,516.4176,0.00021,57.66808,0.00021,0.0107,0.00221,57.66808
0.05019,525.88922,0.00022,58.72577,0.00022,0.01099,0.00222,58.72577
0.05244,546.79761,0.00023,61.06059,0.00023,0.01152,0.00223,61.06059
0.05406,562.12915,0.00024,62.77266,0.00024,0.01197,0.00224,62.77266
0.05544,576.73529,0.00025,64.40372,0.00025,0.01233,0.00225,64.40372
0.05712,590.1897,0.00025,65.90617,0.00025,0.01265,0.00225,65.90617
0.05912,610.34949,0.00026,68.15739,0.00026,0.0132,0.00226,68.15739
0.06075,625.76379,0.00027,69.87871,0.00027,0.01361,0.00227,69.87871
0.06187,635.63068,0.00028,70.98054,0.00028,0.01388,0.00228,70.98054
0.06406,654.54047,0.00029,73.09218,0.00029,0.0144,0.00229,73.09218
0.06569,670.82214,0.0003,74.91035,0.0003,0.01479,0.0023,74.91035
0.06706,684.07159,0.0003,76.38991,0.0003,0.01516,0.0023,76.38991
0.06869,697.07007,0.00031,77.84144,0.00031,0.01549,0.00231,77.84144
0.07081,717.18304,0.00032,80.08744,0.00032,0.01602,0.00232,80.08744
0.07244,733.03522,0.00033,81.85764,0.00033,0.01645,0.00233,81.85764
0.07356,743.00079,0.00033,82.9705,0.00033,0.01672,0.00233,82.9705
0.07575,759.72906,0.00034,84.83853,0.00034,0.01715,0.00234,84.83853
0.07737,777.16125,0.00035,86.78518,0.00035,0.01763,0.00235,86.78518
0.07881,791.23236,0.00036,88.35649,0.00036,0.01802,0.00236,88.35649
0.08031,803.01575,0.00037,89.67233,0.00037,0.01828,0.00237,89.67233
0.0825,821.87402,0.00038,91.77823,0.00038,0.01882,0.00238,91.77823
0.08425,839.11169,0.00038,93.70315,0.00038,0.01924,0.00238,93.70315
0.08525,848.46344,0.00039,94.74745,0.00039,0.01947,0.00239,94.74745
0.08725,863.01758,0.0004,96.3727,0.0004,0.01988,0.0024,96.3727
0.089,881.57013,0.00041,98.44446,0.00041,0.02032,0.00241,98.44446
0.09056,895.97467,0.00041,100.05301,0.00041,0.02073,0.00241,100.05301
0.09194,906.99567,0.00042,101.28371,0.00042,0.02098,0.00242,101.28371
0.09406,925.19934,0.00043,103.31651,0.00043,0.02149,0.00243,103.31651
0.09587,942.24231,0.00044,105.21969,0.00044,0.0219,0.00244,105.21969
0.097,953.22485,0.00044,106.44611,0.00044,0.02221,0.00244,106.44611
0.09881,965.76086,0.00045,107.84599,0.00045,0.02256,0.00245,107.84599
0.10075,985.46826,0.00046,110.04671,0.00046,0.02306,0.00246,110.04671
0.10231,998.69354,0.00047,111.52357,0.00047,0.02344,0.00247,111.52357
0.10362,"1,009.57",0.00047,112.73803,0.00047,0.02372,0.00247,112.73803
0.10569,"1,026.74",0.00048,114.6553,0.00048,0.02416,0.00248,114.6553
0.10756,"1,044.49",0.00049,116.63755,0.00049,0.02462,0.00249,116.63755
0.10875,"1,056.13",0.0005,117.93725,0.0005,0.02498,0.0025,117.93725
0.11037,"1,066.98",0.0005,119.14938,0.0005,0.02523,0.0025,119.14938
0.11244,"1,086.90",0.00052,121.3737,0.00052,0.02577,0.00252,121.3737
0.114,"1,100.52",0.00052,122.89468,0.00052,0.02614,0.00252,122.89468
0.11525,"1,111.55",0.00053,124.12644,0.00053,0.02641,0.00253,124.12644
0.11731,"1,127.88",0.00054,125.94984,0.00054,0.02683,0.00254,125.94984
0.11925,"1,146.54",0.00055,128.03343,0.00055,0.02734,0.00255,128.03343
0.1205,"1,158.65",0.00055,129.38574,0.00055,0.02766,0.00255,129.38574
0.12187,"1,167.84",0.00056,130.4126,0.00056,0.02789,0.00256,130.4126
0.12406,"1,188.05",0.00057,132.66869,0.00057,0.02842,0.00257,132.66869
0.12569,"1,201.70",0.00058,134.19322,0.00058,0.02879,0.00258,134.19322
0.127,"1,213.82",0.00058,135.54695,0.00058,0.02909,0.00258,135.54695
0.12887,"1,226.70",0.00059,136.98448,0.00059,0.02945,0.00259,136.98448
0.13087,"1,245.49",0.0006,139.08324,0.0006,0.02996,0.0026,139.08324
0.13225,"1,259.81",0.00061,140.68236,0.00061,0.03027,0.00261,140.68236
0.1335,"1,268.48",0.00061,141.64996,0.00061,0.0305,0.00261,141.64996
0.13575,"1,287.12",0.00062,143.7321,0.00062,0.03104,0.00262,143.7321
0.13744,"1,301.74",0.00063,145.3647,0.00063,0.03141,0.00263,145.3647
0.13869,"1,314.23",0.00064,146.75961,0.00064,0.03176,0.00264,146.75961
0.14044,"1,325.88",0.00064,148.05984,0.00064,0.03206,0.00264,148.05984
0.1425,"1,345.65",0.00065,150.26761,0.00065,0.0326,0.00265,150.26761
0.14406,"1,359.97",0.00066,151.86728,0.00066,0.03297,0.00266,151.86728
0.14519,"1,368.23",0.00066,152.78954,0.00066,0.03319,0.00266,152.78954
0.14744,"1,385.93",0.00067,154.76587,0.00067,0.03365,0.00267,154.76587
0.14906,"1,400.59",0.00068,156.40358,0.00068,0.034,0.00268,156.40358
0.15044,"1,413.73",0.00069,157.87059,0.00069,0.03436,0.00269,157.87059
0.152,"1,424.44",0.00069,159.06598,0.00069,0.0347,0.00269,159.06598
0.15419,"1,443.76",0.0007,161.22403,0.0007,0.03516,0.0027,161.22403
0.15581,"1,458.56",0.00071,162.87712,0.00071,0.03559,0.00271,162.87712
0.15687,"1,466.42",0.00072,163.75417,0.00072,0.03576,0.00272,163.75417
0.15894,"1,481.78",0.00072,165.46951,0.00072,0.03619,0.00272,165.46951
0.16069,"1,498.52",0.00073,167.3385,0.00073,0.03661,0.00273,167.3385
0.16219,"1,512.24",0.00074,168.87082,0.00074,0.03701,0.00274,168.87082
0.16369,"1,522.51",0.00075,170.01807,0.00075,0.03729,0.00275,170.01807
0.16587,"1,541.38",0.00076,172.12485,0.00076,0.03778,0.00276,172.12485
0.1675,"1,556.25",0.00076,173.78587,0.00076,0.03813,0.00276,173.78587
0.16856,"1,564.67",0.00077,174.72606,0.00077,0.03837,0.00277,174.72606
0.1705,"1,578.18",0.00077,176.23486,0.00077,0.03874,0.00277,176.23486
0.17237,"1,595.95",0.00078,178.21942,0.00078,0.0392,0.00278,178.21942
0.17394,"1,609.59",0.00079,179.74174,0.00079,0.03955,0.00279,179.74174
0.17531,"1,619.61",0.0008,180.8615,0.0008,0.0398,0.0028,180.8615
0.17744,"1,637.22",0.00081,182.82719,0.00081,0.04027,0.00281,182.82719
0.17919,"1,652.59",0.00081,184.54398,0.00081,0.04067,0.00281,184.54398
0.18031,"1,663.13",0.00082,185.72054,0.00082,0.04094,0.00282,185.72054
0.18206,"1,674.07",0.00083,186.94287,0.00083,0.04125,0.00283,186.94287
0.184,"1,692.42",0.00084,188.99167,0.00084,0.04176,0.00284,188.99167
0.18562,"1,705.97",0.00084,190.50433,0.00084,0.04214,0.00284,190.50433
0.18694,"1,716.50",0.00085,191.68051,0.00085,0.04237,0.00285,191.68051
0.18906,"1,732.19",0.00086,193.43246,0.00086,0.04277,0.00286,193.43246
0.19094,"1,749.06",0.00086,195.31619,0.00086,0.04323,0.00286,195.31619
0.19212,"1,759.62",0.00087,196.49532,0.00087,0.0435,0.00287,196.49532
0.19362,"1,769.91",0.00087,197.64537,0.00087,0.04373,0.00287,197.64537
0.19569,"1,788.42",0.00088,199.71167,0.00088,0.04425,0.00288,199.71167
0.19737,"1,801.37",0.00089,201.15848,0.00089,0.04461,0.00289,201.15848
0.19869,"1,811.64",0.0009,202.30519,0.0009,0.0449,0.0029,202.30519
0.20069,"1,826.49",0.00091,203.96265,0.00091,0.04532,0.00291,203.96265
0.20256,"1,844.51",0.00092,205.97554,0.00092,0.04576,0.00292,205.97554
0.20381,"1,855.11",0.00092,207.15967,0.00092,0.04604,0.00292,207.15967
0.20519,"1,863.87",0.00093,208.13754,0.00093,0.0463,0.00293,208.13754
0.20737,"1,882.09",0.00094,210.17239,0.00094,0.04679,0.00294,210.17239
0.20906,"1,896.70",0.00094,211.80379,0.00094,0.04714,0.00294,211.80379
0.21037,"1,906.60",0.00095,212.90944,0.00095,0.04744,0.00295,212.90944
0.21219,"1,920.08",0.00096,214.41394,0.00096,0.04779,0.00296,214.41394
0.21419,"1,938.10",0.00096,216.42653,0.00096,0.04823,0.00296,216.42653
0.21562,"1,951.44",0.00097,217.91644,0.00097,0.04857,0.00297,217.91644
0.21687,"1,958.93",0.00098,218.75301,0.00098,0.04878,0.00298,218.75301
0.21906,"1,976.55",0.00098,220.71994,0.00098,0.04923,0.00298,220.71994
0.22069,"1,990.35",0.00099,222.26175,0.00099,0.04957,0.00299,222.26175
0.222,"2,002.05",0.001,223.56805,0.001,0.0499,0.003,223.56805
0.22375,"2,012.76",0.001,224.76433,0.001,0.05019,0.003,224.76433
0.22594,"2,032.38",0.00101,226.95511,0.00101,0.0507,0.00301,226.95511
0.22744,"2,045.81",0.00102,228.45496,0.00102,0.05104,0.00302,228.45496
0.22856,"2,053.09",0.00102,229.26692,0.00102,0.05122,0.00302,229.26692
0.23062,"2,068.76",0.00103,231.0172,0.00103,0.05161,0.00303,231.0172
0.23231,"2,082.85",0.00104,232.59042,0.00104,0.05199,0.00304,232.59042
0.23375,"2,095.80",0.00105,234.03656,0.00105,0.05233,0.00305,234.03656
0.23537,"2,106.46",0.00105,235.22702,0.00105,0.05265,0.00305,235.22702
0.23756,"2,124.88",0.00106,237.28462,0.00106,0.05311,0.00306,237.28462
0.23919,"2,138.19",0.00107,238.77049,0.00107,0.05347,0.00307,238.77049
0.24019,"2,145.94",0.00107,239.63614,0.00107,0.05365,0.00307,239.63614
0.24225,"2,159.53",0.00108,241.15363,0.00108,0.05398,0.00308,241.15363
0.24406,"2,176.93",0.00109,243.09711,0.00109,0.05449,0.00309,243.09711
0.24544,"2,188.14",0.0011,244.34859,0.0011,0.05477,0.0031,244.34859
0.247,"2,198.93",0.0011,245.55356,0.0011,0.05509,0.0031,245.55356
0.24919,"2,216.18",0.00111,247.47945,0.00111,0.05553,0.00311,247.47945
0.25087,"2,230.42",0.00112,249.06995,0.00112,0.05593,0.00312,249.06995
0.25194,"2,238.74",0.00112,249.99837,0.00112,0.05616,0.00312,249.99837
0.25381,"2,250.06",0.00113,251.26308,0.00113,0.05645,0.00313,251.26308
0.25569,"2,268.67",0.00114,253.34125,0.00114,0.05694,0.00314,253.34125
0.25719,"2,280.15",0.00114,254.62355,0.00114,0.05724,0.00314,254.62355
0.25856,"2,289.93",0.00115,255.71486,0.00115,0.05751,0.00315,255.71486
0.26081,"2,306.41",0.00116,257.55521,0.00116,0.05795,0.00316,257.55521
0.26262,"2,322.08",0.00117,259.30518,0.00117,0.05835,0.00317,259.30518
0.26375,"2,331.01",0.00117,260.30267,0.00117,0.05861,0.00317,260.30267
0.26537,"2,341.03",0.00118,261.4212,0.00118,0.05883,0.00318,261.4212
0.26731,"2,359.37",0.00119,263.46973,0.00119,0.05933,0.00319,263.46973
0.26894,"2,371.28",0.00119,264.79947,0.00119,0.05965,0.00319,264.79947
0.27031,"2,381.23",0.0012,265.91071,0.0012,0.05995,0.0032,265.91071
0.27244,"2,397.31",0.00121,267.70667,0.00121,0.06036,0.00321,267.70667
0.27431,"2,412.78",0.00122,269.43369,0.00122,0.06076,0.00322,269.43369
0.27544,"2,422.24",0.00122,270.49017,0.00122,0.061,0.00322,270.49017
0.27687,"2,430.54",0.00122,271.41656,0.00122,0.06122,0.00322,271.41656
0.27906,"2,449.84",0.00123,273.5722,0.00123,0.0617,0.00323,273.5722
0.28069,"2,461.39",0.00124,274.86224,0.00124,0.06203,0.00324,274.86224
0.282,"2,470.93",0.00125,275.9278,0.00125,0.06228,0.00325,275.9278
0.28394,"2,485.35",0.00125,277.53741,0.00125,0.06265,0.00325,277.53741
0.28587,"2,501.63",0.00126,279.35583,0.00126,0.06307,0.00326,279.35583
0.28725,"2,512.76",0.00127,280.59845,0.00127,0.06333,0.00327,280.59845
0.28856,"2,520.27",0.00127,281.43762,0.00127,0.06355,0.00327,281.43762
0.29075,"2,538.85",0.00128,283.51178,0.00128,0.06405,0.00328,283.51178
0.29231,"2,550.19",0.00129,284.77805,0.00129,0.06433,0.00329,284.77805
0.29362,"2,560.21",0.00129,285.89755,0.00129,0.06459,0.00329,285.89755
0.29556,"2,573.71",0.0013,287.40445,0.0013,0.065,0.0033,287.40445
0.29756,"2,591.03",0.00131,289.33896,0.00131,0.0654,0.00331,289.33896
0.299,"2,602.39",0.00131,290.60739,0.00131,0.06572,0.00331,290.60739
0.30019,"2,608.93",0.00132,291.33829,0.00132,0.06591,0.00332,291.33829
0.30244,"2,626.66",0.00133,293.31738,0.00133,0.06636,0.00333,293.31738
0.304,"2,638.26",0.00133,294.6127,0.00133,0.06669,0.00333,294.6127
0.30544,"2,649.84",0.00134,295.90634,0.00134,0.06696,0.00334,295.90634
0.30712,"2,661.02",0.00135,297.15515,0.00135,0.06726,0.00335,297.15515
0.30912,"2,677.18",0.00135,298.95941,0.00135,0.06772,0.00335,298.95941
0.31069,"2,690.00",0.00136,300.3905,0.00136,0.06803,0.00336,300.3905
0.31181,"2,696.63",0.00136,301.13147,0.00136,0.0682,0.00336,301.13147
0.31412,"2,713.34",0.00137,302.99756,0.00137,0.06862,0.00337,302.99756
0.31569,"2,726.78",0.00138,304.49783,0.00138,0.06898,0.00338,304.49783
0.31706,"2,736.92",0.00139,305.63004,0.00139,0.06926,0.00339,305.63004
0.31869,"2,747.15",0.00139,306.77292,0.00139,0.06951,0.00339,306.77292
0.32081,"2,763.51",0.0014,308.59952,0.0014,0.06998,0.0034,308.59952
0.32244,"2,776.99",0.00141,310.10446,0.00141,0.07032,0.00341,310.10446
0.32356,"2,783.77",0.00141,310.86258,0.00141,0.07049,0.00341,310.86258
0.32575,"2,798.74",0.00142,312.53394,0.00142,0.07089,0.00342,312.53394
0.32744,"2,813.20",0.00142,314.14819,0.00142,0.07125,0.00342,314.14819
0.32881,"2,823.49",0.00143,315.29764,0.00143,0.07152,0.00343,315.29764
0.33031,"2,832.72",0.00144,316.32779,0.00144,0.0718,0.00344,316.32779
0.33244,"2,848.72",0.00144,318.11447,0.00144,0.07223,0.00344,318.11447
0.33425,"2,863.84",0.00145,319.80362,0.00145,0.07257,0.00345,319.80362
0.33525,"2,870.17",0.00145,320.51007,0.00145,0.07271,0.00345,320.51007
0.33725,"2,882.80",0.00146,321.92126,0.00146,0.07307,0.00346,321.92126
0.339,"2,898.09",0.00147,323.62784,0.00147,0.0735,0.00347,323.62784
0.34056,"2,909.07",0.00148,324.85425,0.00148,0.07379,0.00348,324.85425
0.34194,"2,918.45",0.00148,325.90121,0.00148,0.07402,0.00348,325.90121
0.34412,"2,933.76",0.00149,327.61139,0.00149,0.07445,0.00349,327.61139
0.34587,"2,947.78",0.0015,329.17688,0.0015,0.07487,0.0035,329.17688
0.347,"2,955.52",0.0015,330.04144,0.0015,0.07503,0.0035,330.04144
0.34875,"2,965.36",0.00151,331.14011,0.00151,0.0753,0.00351,331.14011
0.35075,"2,983.78",0.00152,333.19733,0.00152,0.07577,0.00352,333.19733
0.35231,"2,994.49",0.00152,334.39285,0.00152,0.07604,0.00352,334.39285
0.35362,"3,003.09",0.00153,335.3533,0.00153,0.07627,0.00353,335.3533
0.35569,"3,016.96",0.00153,336.90228,0.00153,0.07663,0.00353,336.90228
0.35756,"3,031.41",0.00154,338.51569,0.00154,0.07702,0.00354,338.51569
0.35875,"3,040.99",0.00155,339.58551,0.00155,0.07729,0.00355,339.58551
0.36037,"3,049.73",0.00155,340.56177,0.00155,0.07755,0.00355,340.56177
0.36244,"3,066.87",0.00156,342.47546,0.00156,0.07793,0.00356,342.47546
0.364,"3,077.31",0.00157,343.64191,0.00157,0.07827,0.00357,343.64191
0.36525,"3,085.77",0.00157,344.58615,0.00157,0.07843,0.00357,344.58615
0.36725,"3,099.30",0.00158,346.09683,0.00158,0.07882,0.00358,346.09683
0.36925,"3,114.87",0.00158,347.83612,0.00158,0.07923,0.00358,347.83612
0.3705,"3,125.12",0.00159,348.98074,0.00159,0.07953,0.00359,348.98074
0.37194,"3,132.08",0.00159,349.75763,0.00159,0.07971,0.00359,349.75763
0.37406,"3,149.35",0.0016,351.6857,0.0016,0.08011,0.0036,351.6857
0.37569,"3,160.15",0.00161,352.89252,0.00161,0.08042,0.00361,352.89252
0.377,"3,170.34",0.00161,354.0303,0.00161,0.08066,0.00361,354.0303
0.37887,"3,181.41",0.00162,355.2666,0.00162,0.08098,0.00362,355.2666
0.38087,"3,197.74",0.00163,357.09006,0.00163,0.08137,0.00363,357.09006
0.38225,"3,208.68",0.00163,358.31201,0.00163,0.08163,0.00363,358.31201
0.3835,"3,214.79",0.00164,358.99356,0.00164,0.08181,0.00364,358.99356
0.38575,"3,231.65",0.00165,360.87656,0.00165,0.08231,0.00365,360.87656
0.38737,"3,243.01",0.00165,362.14493,0.00165,0.08257,0.00365,362.14493
0.38875,"3,252.95",0.00166,363.25565,0.00166,0.08283,0.00366,363.25565
0.39044,"3,263.05",0.00166,364.38315,0.00166,0.08309,0.00366,364.38315
0.39244,"3,279.08",0.00167,366.17361,0.00167,0.0835,0.00367,366.17361
0.39406,"3,291.43",0.00168,367.55249,0.00168,0.08385,0.00368,367.55249
0.39519,"3,297.02",0.00168,368.17633,0.00168,0.08401,0.00368,368.17633
0.39744,"3,312.73",0.00169,369.93097,0.00169,0.08443,0.00369,369.93097
0.39906,"3,325.09",0.00169,371.31067,0.00169,0.08474,0.00369,371.31067
0.40044,"3,334.96",0.0017,372.41302,0.0017,0.08501,0.0037,372.41302
0.402,"3,343.66",0.0017,373.38492,0.0017,0.08525,0.0037,373.38492
0.40412,"3,359.99",0.00171,375.2085,0.00171,0.08568,0.00371,375.2085
0.40581,"3,372.28",0.00172,376.58084,0.00172,0.08606,0.00372,376.58084
0.40687,"3,378.33",0.00172,377.2561,0.00172,0.0862,0.00372,377.2561
0.409,"3,391.53",0.00173,378.72986,0.00173,0.08655,0.00373,378.72986
0.41075,"3,406.20",0.00174,380.36807,0.00174,0.08689,0.00374,380.36807
0.41219,"3,416.00",0.00174,381.46234,0.00174,0.08721,0.00374,381.46234
0.41369,"3,424.50",0.00175,382.41199,0.00175,0.08743,0.00375,382.41199
0.41581,"3,440.42",0.00176,384.18945,0.00176,0.08785,0.00376,384.18945
0.4175,"3,452.50",0.00176,385.53848,0.00176,0.0882,0.00376,385.53848
0.41856,"3,458.85",0.00177,386.2475,0.00177,0.08835,0.00377,386.2475
0.4205,"3,469.84",0.00177,387.47504,0.00177,0.08863,0.00377,387.47504
0.42231,"3,485.24",0.00178,389.19485,0.00178,0.08908,0.00378,389.19485
0.424,"3,496.39",0.00179,390.44006,0.00179,0.08935,0.00379,390.44006
0.42531,"3,504.11",0.00179,391.30161,0.00179,0.08955,0.00379,391.30161
0.42744,"3,517.97",0.0018,392.84946,0.0018,0.08992,0.0038,392.84946
0.42919,"3,530.33",0.0018,394.23032,0.0018,0.09024,0.0038,394.23032
0.43031,"3,538.02",0.00181,395.08865,0.00181,0.0905,0.00381,395.08865
0.43206,"3,546.97",0.00181,396.08859,0.00181,0.09067,0.00381,396.08859
0.434,"3,562.09",0.00182,397.77707,0.00182,0.09109,0.00382,397.77707
0.43569,"3,572.89",0.00183,398.98322,0.00183,0.09139,0.00383,398.98322
0.43694,"3,580.61",0.00183,399.84464,0.00183,0.0916,0.00383,399.84464
0.43906,"3,593.94",0.00184,401.33371,0.00184,0.09192,0.00384,401.33371
0.44087,"3,608.06",0.00185,402.91052,0.00185,0.09227,0.00385,402.91052
0.44212,"3,616.84",0.00185,403.89011,0.00185,0.09251,0.00385,403.89011
0.44362,"3,623.88",0.00185,404.67642,0.00185,0.09272,0.00385,404.67642
0.44569,"3,640.21",0.00186,406.49985,0.00186,0.09313,0.00386,406.49985
0.44731,"3,650.04",0.00187,407.59756,0.00187,0.0934,0.00387,407.59756
0.44869,"3,659.06",0.00187,408.60541,0.00187,0.09361,0.00387,408.60541
0.45062,"3,670.77",0.00188,409.91342,0.00188,0.09396,0.00388,409.91342
0.45256,"3,684.80",0.00189,411.47971,0.00189,0.09431,0.00389,411.47971
0.45387,"3,694.50",0.00189,412.56235,0.00189,0.09456,0.00389,412.56235
0.45519,"3,700.20",0.00189,413.19937,0.00189,0.09466,0.00389,413.19937
0.45744,"3,716.60",0.0019,415.03033,0.0019,0.09512,0.0039,415.03033
0.45906,"3,728.00",0.00191,416.3038,0.00191,0.09541,0.00391,416.3038
0.46037,"3,735.74",0.00191,417.16837,0.00191,0.09565,0.00391,417.16837
0.46219,"3,746.94",0.00192,418.4187,0.00192,0.09593,0.00392,418.4187
0.46419,"3,761.84",0.00193,420.08319,0.00193,0.09637,0.00393,420.08319
0.46569,"3,772.36",0.00193,421.25745,0.00193,0.09665,0.00393,421.25745
0.46687,"3,778.04",0.00194,421.89148,0.00194,0.09678,0.00394,421.89148
0.46906,"3,792.89",0.00194,423.5499,0.00194,0.09715,0.00394,423.5499
0.47069,"3,804.10",0.00195,424.80194,0.00195,0.09749,0.00395,424.80194
0.472,"3,813.98",0.00195,425.90561,0.00195,0.09772,0.00395,425.90561
0.47369,"3,823.11",0.00196,426.92505,0.00196,0.09798,0.00396,426.92505
0.47587,"3,839.23",0.00197,428.72421,0.00197,0.0984,0.00397,428.72421
0.4775,"3,850.18",0.00197,429.94711,0.00197,0.09869,0.00397,429.94711
0.47856,"3,855.41",0.00198,430.53174,0.00198,0.09883,0.00398,430.53174
0.48062,"3,868.68",0.00198,432.01306,0.00198,0.09922,0.00398,432.01306
0.48231,"3,880.85",0.00199,433.3721,0.00199,0.09948,0.00399,433.3721
0.48375,"3,891.06",0.002,434.51291,0.002,0.09979,0.004,434.51291
0.48537,"3,899.37",0.002,435.44052,0.002,0.09999,0.004,435.44052
0.48756,"3,915.89",0.00201,437.28506,0.00201,0.10043,0.00401,437.28506
0.48919,"3,926.86",0.00201,438.51089,0.00201,0.10074,0.00401,438.51089
0.49019,"3,932.37",0.00202,439.12549,0.00202,0.10091,0.00402,439.12549
0.49225,"3,944.55",0.00202,440.48575,0.00202,0.10119,0.00402,440.48575
0.49406,"3,959.08",0.00203,442.1084,0.00203,0.10158,0.00403,442.1084
0.4955,"3,967.71",0.00204,443.07211,0.00204,0.10181,0.00404,443.07211
0.497,"3,976.19",0.00204,444.0191,0.00204,0.10204,0.00404,444.0191
0.49919,"3,991.41",0.00205,445.71887,0.00205,0.10245,0.00405,445.71887
0.50087,"4,003.63",0.00205,447.08279,0.00205,0.10274,0.00405,447.08279
0.502,"4,010.15",0.00206,447.81094,0.00206,0.10297,0.00406,447.81094
0.50387,"4,019.68",0.00206,448.87515,0.00206,0.10318,0.00406,448.87515
0.50569,"4,035.30",0.00207,450.61978,0.00207,0.1036,0.00407,450.61978
0.50725,"4,043.90",0.00208,451.5798,0.00208,0.10381,0.00408,451.5798
0.50856,"4,051.05",0.00208,452.37842,0.00208,0.10402,0.00408,452.37842
0.51081,"4,065.12",0.00209,453.94965,0.00209,0.10442,0.00409,453.94965
0.51262,"4,077.84",0.00209,455.37073,0.00209,0.10473,0.00409,455.37073
0.51375,"4,084.88",0.0021,456.15625,0.0021,0.10492,0.0041,456.15625
0.51537,"4,092.27",0.0021,456.98172,0.0021,0.10513,0.0041,456.98172
0.51731,"4,108.00",0.00211,458.73798,0.00211,0.10552,0.00411,458.73798
0.51894,"4,117.55",0.00212,459.8049,0.00212,0.10581,0.00412,459.8049
0.52031,"4,125.40",0.00212,460.68091,0.00212,0.106,0.00412,460.68091
0.52244,"4,138.58",0.00213,462.15268,0.00213,0.10634,0.00413,462.15268
0.52425,"4,151.04",0.00213,463.54391,0.00213,0.1067,0.00413,463.54391
0.52544,"4,159.55",0.00214,464.4942,0.00214,0.10691,0.00414,464.4942
0.52694,"4,164.98",0.00214,465.10144,0.00214,0.10708,0.00414,465.10144
0.52906,"4,182.10",0.00215,467.01291,0.00215,0.10753,0.00415,467.01291
0.53069,"4,191.57",0.00216,468.07089,0.00216,0.10778,0.00416,468.07089
0.532,"4,199.01",0.00216,468.9017,0.00216,0.10798,0.00416,468.9017
0.534,"4,211.27",0.00217,470.27008,0.00217,0.10829,0.00417,470.27008
0.53581,"4,225.51",0.00217,471.85989,0.00217,0.10868,0.00417,471.85989
0.53725,"4,234.23",0.00218,472.83411,0.00218,0.10891,0.00418,472.83411
0.53856,"4,240.02",0.00218,473.48041,0.00218,0.10908,0.00418,473.48041
0.54075,"4,256.74",0.00219,475.34793,0.00219,0.1095,0.00419,475.34793
0.54231,"4,265.63",0.00219,476.34097,0.00219,0.10972,0.00419,476.34097
0.54362,"4,273.42",0.0022,477.21088,0.0022,0.10992,0.0042,477.21088
0.54556,"4,285.18",0.00221,478.52344,0.00221,0.11026,0.00421,478.52344
0.54756,"4,299.77",0.00221,480.15256,0.00221,0.11064,0.00421,480.15256
0.549,"4,309.81",0.00222,481.27448,0.00222,0.11089,0.00422,481.27448
0.55019,"4,314.34",0.00222,481.77979,0.00222,0.11099,0.00422,481.77979
0.55244,"4,330.30",0.00223,483.5625,0.00223,0.11146,0.00423,483.5625
0.554,"4,339.56",0.00223,484.59622,0.00223,0.1117,0.00423,484.59622
0.55544,"4,349.63",0.00224,485.72104,0.00224,0.11198,0.00424,485.72104
0.55719,"4,359.16",0.00224,486.78488,0.00224,0.11221,0.00424,486.78488
0.55912,"4,373.66",0.00225,488.40463,0.00225,0.11259,0.00425,488.40463
0.56069,"4,384.04",0.00226,489.56317,0.00226,0.11284,0.00426,489.56317
0.56181,"4,389.46",0.00226,490.16885,0.00226,0.11304,0.00426,490.16885
0.56412,"4,404.27",0.00227,491.823,0.00227,0.1134,0.00427,491.823
0.56569,"4,415.68",0.00227,493.09656,0.00227,0.11369,0.00427,493.09656
0.56706,"4,424.44",0.00228,494.07431,0.00228,0.11392,0.00428,494.07431
0.56869,"4,433.15",0.00228,495.04779,0.00228,0.11417,0.00428,495.04779
0.57075,"4,448.33",0.00229,496.74255,0.00229,0.1146,0.00429,496.74255
0.57244,"4,459.46",0.0023,497.98505,0.0023,0.1149,0.0043,497.98505
0.57356,"4,464.72",0.0023,498.57339,0.0023,0.11505,0.0043,498.57339
0.57587,"4,479.25",0.00231,500.19504,0.00231,0.11545,0.00431,500.19504
0.57744,"4,491.14",0.00232,501.52298,0.00232,0.11577,0.00432,501.52298
0.57887,"4,499.93",0.00232,502.50449,0.00232,0.11601,0.00432,502.50449
0.58037,"4,508.15",0.00232,503.42212,0.00232,0.11622,0.00432,503.42212
0.58256,"4,522.98",0.00233,505.07889,0.00233,0.11662,0.00433,505.07889
0.58431,"4,535.62",0.00234,506.48981,0.00234,0.117,0.00434,506.48981
0.58531,"4,540.95",0.00234,507.0853,0.00234,0.11714,0.00434,507.0853
0.58737,"4,552.91",0.00235,508.42084,0.00235,0.11747,0.00435,508.42084
0.58906,"4,566.21",0.00236,509.90564,0.00236,0.11784,0.00436,509.90564
0.59062,"4,575.61",0.00236,510.95615,0.00236,0.11806,0.00436,510.95615
0.59206,"4,583.69",0.00237,511.85773,0.00237,0.11832,0.00437,511.85773
0.59419,"4,597.99",0.00237,513.45526,0.00237,0.11872,0.00437,513.45526
0.59594,"4,609.58",0.00238,514.74878,0.00238,0.11902,0.00438,514.74878
0.597,"4,616.10",0.00238,515.47754,0.00238,0.11922,0.00438,515.47754
0.59887,"4,625.65",0.00239,516.5434,0.00239,0.11945,0.00439,516.5434
0.60081,"4,641.90",0.0024,518.35852,0.0024,0.11993,0.0044,518.35852
0.60231,"4,651.13",0.0024,519.38965,0.0024,0.12014,0.0044,519.38965
0.60369,"4,657.77",0.00241,520.13037,0.00241,0.12034,0.00441,520.13037
0.60575,"4,671.71",0.00241,521.68713,0.00241,0.12071,0.00441,521.68713
0.60756,"4,684.24",0.00242,523.08704,0.00242,0.12106,0.00442,523.08704
0.60881,"4,692.94",0.00243,524.05768,0.00243,0.12128,0.00443,524.05768
0.6105,"4,700.80",0.00243,524.93585,0.00243,0.1215,0.00443,524.93585
0.6125,"4,717.21",0.00244,526.76801,0.00244,0.12195,0.00444,526.76801
0.614,"4,725.84",0.00244,527.73163,0.00244,0.12213,0.00444,527.73163
0.61531,"4,733.21",0.00245,528.55518,0.00245,0.12235,0.00445,528.55518
0.61737,"4,745.88",0.00245,529.97003,0.00245,0.12267,0.00445,529.97003
0.61931,"4,760.05",0.00246,531.55176,0.00246,0.12308,0.00446,531.55176
0.62056,"4,768.49",0.00247,532.49475,0.00247,0.12328,0.00447,532.49475
0.62206,"4,775.28",0.00247,533.25256,0.00247,0.12346,0.00447,533.25256
0.62412,"4,790.57",0.00248,534.96057,0.00248,0.12387,0.00448,534.96057
0.62575,"4,800.69",0.00248,536.09094,0.00248,0.12413,0.00448,536.09094
0.62706,"4,809.34",0.00249,537.05676,0.00249,0.12439,0.00449,537.05676
0.62894,"4,819.70",0.00249,538.21356,0.00249,0.12466,0.00449,538.21356
0.63094,"4,834.52",0.0025,539.86835,0.0025,0.12507,0.0045,539.86835
0.63231,"4,844.81",0.00251,541.01715,0.00251,0.12534,0.00451,541.01715
0.63356,"4,850.40",0.00251,541.64197,0.00251,0.12545,0.00451,541.64197
0.63581,"4,866.43",0.00252,543.43127,0.00252,0.12594,0.00452,543.43127
0.63744,"4,876.44",0.00253,544.54944,0.00253,0.12627,0.00453,544.54944
0.63881,"4,885.28",0.00253,545.53699,0.00253,0.12648,0.00453,545.53699
0.6405,"4,893.73",0.00253,546.47986,0.00253,0.1267,0.00453,546.47986
0.6425,"4,909.02",0.00254,548.18817,0.00254,0.12714,0.00454,548.18817
0.64412,"4,920.00",0.00255,549.4137,0.00255,0.12741,0.00455,549.4137
0.64525,"4,925.04",0.00255,549.97668,0.00255,0.12759,0.00455,549.97668
0.6475,"4,940.59",0.00256,551.71307,0.00256,0.12803,0.00456,551.71307
0.64912,"4,950.83",0.00257,552.85706,0.00257,0.12827,0.00457,552.85706
0.6505,"4,960.58",0.00257,553.94507,0.00257,0.12859,0.00457,553.94507
0.65212,"4,968.92",0.00258,554.87646,0.00258,0.12878,0.00458,554.87646
0.65419,"4,984.61",0.00258,556.62921,0.00258,0.12924,0.00458,556.62921
0.65587,"4,996.26",0.00259,557.92975,0.00259,0.12957,0.00459,557.92975
0.65694,"5,000.40",0.00259,558.39209,0.00259,0.12969,0.00459,558.39209
0.65906,"5,013.67",0.0026,559.87396,0.0026,0.13011,0.0046,559.87396
0.66075,"5,026.36",0.00261,561.29102,0.00261,0.1304,0.00461,561.29102
0.66225,"5,036.56",0.00261,562.42987,0.00261,0.13071,0.00461,562.42987
0.66375,"5,043.77",0.00262,563.23541,0.00262,0.13093,0.00462,563.23541
0.66587,"5,059.47",0.00263,564.98779,0.00263,0.13135,0.00463,564.98779
0.66756,"5,069.94",0.00263,566.15704,0.00263,0.13166,0.00463,566.15704
0.66862,"5,076.16",0.00264,566.85211,0.00264,0.13185,0.00464,566.85211
0.67062,"5,087.28",0.00264,568.09375,0.00264,0.13214,0.00464,568.09375
0.67244,"5,101.60",0.00265,569.69263,0.00265,0.13255,0.00465,569.69263
0.67406,"5,111.21",0.00266,570.76624,0.00266,0.13284,0.00466,570.76624
0.67537,"5,118.48",0.00266,571.57764,0.00266,0.13301,0.00466,571.57764
0.6775,"5,132.90",0.00267,573.18866,0.00267,0.13339,0.00467,573.18866
0.67925,"5,144.75",0.00267,574.51154,0.00267,0.13372,0.00467,574.51154
0.68037,"5,151.65",0.00268,575.28204,0.00268,0.13393,0.00468,575.28204
0.68225,"5,160.99",0.00268,576.32446,0.00268,0.13421,0.00468,576.32446
0.684,"5,175.68",0.00269,577.96558,0.00269,0.13459,0.00469,577.96558
0.68575,"5,185.76",0.0027,579.09106,0.0027,0.13489,0.0047,579.09106
0.687,"5,192.91",0.0027,579.88995,0.0027,0.13509,0.0047,579.88995
0.68912,"5,205.85",0.00271,581.33459,0.00271,0.13546,0.00471,581.33459
0.69094,"5,219.28",0.00272,582.83417,0.00272,0.13583,0.00472,582.83417
0.69212,"5,226.08",0.00272,583.59332,0.00272,0.13605,0.00472,583.59332
0.69375,"5,233.53",0.00273,584.42499,0.00273,0.13625,0.00473,584.42499
0.69575,"5,249.43",0.00273,586.20129,0.00273,0.13664,0.00473,586.20129
0.69744,"5,258.57",0.00274,587.22192,0.00274,0.13696,0.00474,587.22192
0.69875,"5,266.63",0.00274,588.12201,0.00274,0.13717,0.00474,588.12201
0.70075,"5,278.64",0.00275,589.46307,0.00275,0.13752,0.00475,589.46307
0.70262,"5,292.17",0.00276,590.97382,0.00276,0.13788,0.00476,590.97382
0.70387,"5,300.25",0.00276,591.87659,0.00276,0.13814,0.00476,591.87659
0.70531,"5,306.18",0.00277,592.53845,0.00277,0.13832,0.00477,592.53845
0.7075,"5,321.28",0.00277,594.22449,0.00277,0.13875,0.00477,594.22449
0.70912,"5,331.68",0.00278,595.38556,0.00278,0.13907,0.00478,595.38556
0.71044,"5,338.98",0.00278,596.20154,0.00278,0.13925,0.00478,596.20154
0.71225,"5,349.38",0.00279,597.36292,0.00279,0.13955,0.00479,597.36292
0.71425,"5,363.98",0.0028,598.99286,0.0028,0.13995,0.0048,598.99286
0.71569,"5,373.07",0.0028,600.00812,0.0028,0.14024,0.0048,600.00812
0.717,"5,377.73",0.00281,600.52765,0.00281,0.14036,0.00481,600.52765
0.71919,"5,392.74",0.00282,602.20386,0.00282,0.14079,0.005497436,750
0.72075,"5,402.22",0.00282,603.26312,0.00282,0.14107,,
0.72206,"5,410.19",0.00283,604.15302,0.00283,0.14132,,
0.72387,"5,418.59",0.00283,605.09155,0.00283,0.14157,,
0.72594,"5,434.15",0.00284,606.82819,0.00284,0.14203,,
0.7275,"5,443.53",0.00285,607.87659,0.00285,0.14228,,
0.72856,"5,446.99",0.00285,608.26233,0.00285,0.14238,,
0.73069,"5,460.21",0.00285,609.73871,0.00285,0.14272,,
0.73237,"5,470.80",0.00286,610.92126,0.00286,0.14305,,
0.73381,"5,479.77",0.00287,611.92267,0.00287,0.14329,,
0.7355,"5,487.54",0.00287,612.79071,0.00287,0.14353,,
0.73762,"5,502.19",0.00288,614.42603,0.00288,0.14398,,
0.73919,"5,510.75",0.00288,615.38232,0.00288,0.14422,,
0.74025,"5,514.66",0.00289,615.81915,0.00289,0.14433,,
0.74237,"5,526.20",0.00289,617.10822,0.00289,0.14469,,
0.74412,"5,538.82",0.0029,618.51746,0.0029,0.145,,
0.7455,"5,545.54",0.0029,619.26794,0.0029,0.14525,,
0.74706,"5,552.00",0.00291,619.98889,0.00291,0.1455,,
0.74925,"5,565.69",0.00292,621.51764,0.00292,0.14588,,
0.75094,"5,575.59",0.00292,622.62335,0.00292,0.14618,,
0.752,"5,580.27",0.00293,623.14539,0.00293,0.1463,,
0.75394,"5,588.08",0.00293,624.01782,0.00293,0.14656,,
0.75575,"5,600.86",0.00294,625.44476,0.00294,0.14693,,
0.75731,"5,607.96",0.00294,626.23773,0.00294,0.14714,,
0.75869,"5,612.90",0.00295,626.78992,0.00295,0.14728,,
0.76094,"5,626.32",0.00295,628.28772,0.00295,0.14774,,
0.76275,"5,635.92",0.00296,629.35956,0.00296,0.148,,
0.76381,"5,640.21",0.00296,629.83923,0.00296,0.14815,,
0.76544,"5,645.17",0.00297,630.39294,0.00297,0.14832,,
0.76737,"5,658.34",0.00297,631.8634,0.00297,0.14869,,
0.769,"5,665.43",0.00298,632.65509,0.00298,0.14896,,
0.77037,"5,670.02",0.00298,633.16815,0.00298,0.14914,,
0.77256,"5,681.13",0.00299,634.40826,0.00299,0.14945,,
0.77431,"5,690.13",0.00299,635.414,0.00299,0.14971,,
0.7755,"5,694.09",0.003,635.85632,0.003,0.14989,,
0.777,"5,697.23",0.003,636.20667,0.003,0.15,,
0.77912,"5,709.74",0.00301,637.60315,0.00301,0.15032,,
0.78075,"5,715.26",0.00301,638.22028,0.00301,0.15048,,
0.782,"5,717.48",0.00301,638.46844,0.00301,0.15062,,
0.78406,"5,725.44",0.00302,639.35657,0.00302,0.15086,,
0.78594,"5,734.17",0.00302,640.33112,0.00302,0.15113,,
0.78725,"5,737.70",0.00302,640.7262,0.00302,0.15123,,
0.78869,"5,737.74",0.00303,640.73053,0.00303,0.15128,,
0.79081,"5,749.41",0.00303,642.034,0.00303,0.15165,,
0.79237,"5,752.36",0.00304,642.36298,0.00304,0.15176,,
0.79369,"5,753.97",0.00304,642.54236,0.00304,0.15185,,
0.79562,"5,760.22",0.00304,643.24072,0.00304,0.15209,,
0.79762,"5,768.48",0.00305,644.16254,0.00305,0.15235,,
0.79906,"5,770.40",0.00305,644.37689,0.00305,0.15239,,
0.80025,"5,768.14",0.00305,644.12494,0.00305,0.15238,,
0.8025,"5,779.04",0.00305,645.34247,0.00305,0.15266,,
0.80406,"5,781.00",0.00305,645.56116,0.00305,0.15274,,
0.8055,"5,782.48",0.00306,645.72644,0.00306,0.15282,,
0.80725,"5,784.50",0.00306,645.95245,0.00306,0.15285,,
0.80919,"5,791.24",0.00306,646.70453,0.00306,0.1531,,
0.81075,"5,792.94",0.00306,646.89496,0.00306,0.15318,,
0.81187,"5,790.07",0.00306,646.57349,0.00306,0.15311,,
0.81419,"5,798.58",0.00307,647.5246,0.00307,0.15335,,
0.81581,"5,801.99",0.00307,647.90485,0.00307,0.15348,,
0.81719,"5,802.03",0.00307,647.9093,0.00307,0.1535,,
0.81875,"5,803.48",0.00307,648.07141,0.00307,0.15352,,
0.82087,"5,811.41",0.00308,648.95703,0.00308,0.15375,,
0.8225,"5,813.30",0.00308,649.1676,0.00308,0.15385,,
0.82362,"5,810.55",0.00308,648.86121,0.00308,0.15375,,
0.82587,"5,817.32",0.00308,649.61743,0.00308,0.15403,,
0.82744,"5,819.81",0.00308,649.89484,0.00308,0.15409,,
0.82887,"5,820.02",0.00308,649.91882,0.00308,0.1541,,
0.83037,"5,819.04",0.00308,649.80865,0.00308,0.15413,,
0.83256,"5,826.21",0.00309,650.60962,0.00309,0.15429,,
0.83431,"5,828.92",0.00309,650.91248,0.00309,0.15443,,
0.83531,"5,823.10",0.00309,650.26227,0.00309,0.15428,,
0.83737,"5,826.27",0.00309,650.61597,0.00309,0.1543,,
0.83912,"5,829.90",0.00309,651.02161,0.00309,0.15444,,
0.84062,"5,829.84",0.00309,651.01501,0.00309,0.15452,,
0.84206,"5,827.39",0.00309,650.74121,0.00309,0.15444,,
0.84419,"5,833.05",0.00309,651.37347,0.00309,0.15455,,
0.84594,"5,834.12",0.00309,651.49353,0.00309,0.15462,,
0.847,"5,830.36",0.00309,651.07288,0.00309,0.15448,,
0.84894,"5,830.45",0.00309,651.08374,0.00309,0.15453,,
0.85087,"5,836.31",0.00309,651.73767,0.00309,0.15467,,
0.85237,"5,834.33",0.00309,651.51678,0.00309,0.15462,,
0.85369,"5,830.77",0.00309,651.11896,0.00309,0.15449,,
0.85575,"5,834.47",0.00309,651.5321,0.00309,0.15465,,
0.85762,"5,836.90",0.00309,651.8031,0.00309,0.15467,,
0.85881,"5,833.66",0.00309,651.4411,0.00309,0.15463,,
0.86056,"5,831.38",0.00309,651.18744,0.00309,0.15451,,
0.8625,"5,836.75",0.00309,651.78729,0.00309,0.15465,,
0.864,"5,833.76",0.00309,651.45312,0.00309,0.1546,,
0.86531,"5,830.77",0.00309,651.11871,0.00309,0.15452,,
0.86737,"5,832.90",0.00309,651.35724,0.00309,0.15456,,
0.86931,"5,835.92",0.00309,651.69354,0.00309,0.15465,,
0.87056,"5,832.70",0.00309,651.33429,0.00309,0.15452,,
0.872,"5,828.41",0.00309,650.85492,0.00309,0.15444,,
0.87412,"5,834.33",0.00309,651.51685,0.00309,0.1546,,
0.87575,"5,833.86",0.00309,651.46362,0.00309,0.1546,,
0.87706,"5,831.88",0.00309,651.24249,0.00309,0.15457,,
0.879,"5,832.66",0.00309,651.33051,0.00309,0.15456,,
0.88087,"5,836.09",0.00309,651.71356,0.00309,0.15475,,
0.88231,"5,835.71",0.00309,651.67059,0.00309,0.15471,,
0.88362,"5,830.50",0.00309,651.08887,0.00309,0.15458,,
0.88587,"5,837.69",0.0031,651.89209,0.0031,0.15475,,
0.8875,"5,837.64",0.0031,651.88629,0.0031,0.15482,,
0.88881,"5,835.99",0.0031,651.70215,0.0031,0.15476,,
0.8905,"5,835.28",0.0031,651.62299,0.0031,0.15475,,
0.8925,"5,840.10",0.0031,652.16089,0.0031,0.15493,,
0.89412,"5,841.10",0.0031,652.27301,0.0031,0.15499,,
0.89531,"5,834.64",0.0031,651.55096,0.0031,0.15484,,
0.8975,"5,840.45",0.0031,652.19995,0.0031,0.15505,,
0.89912,"5,839.81",0.0031,652.12878,0.0031,0.15505,,
0.9005,"5,838.39",0.0031,651.97028,0.0031,0.15503,,
0.90212,"5,836.29",0.0031,651.73486,0.0031,0.15496,,
0.90419,"5,840.66",0.0031,652.22382,0.0031,0.15516,,
0.90587,"5,839.55",0.0031,652.099,0.0031,0.15513,,
0.90694,"5,831.74",0.0031,651.22687,0.0031,0.15497,,
0.90906,"5,833.64",0.0031,651.43994,0.0031,0.15502,,
0.91075,"5,833.31",0.0031,651.40271,0.0031,0.15505,,
0.91225,"5,829.07",0.0031,650.92932,0.0031,0.15494,,
0.91375,"5,822.71",0.0031,650.21887,0.0031,0.15481,,
0.91587,"5,823.92",0.0031,650.35413,0.0031,0.15486,,
0.91756,"5,817.62",0.00309,649.65039,0.00309,0.15472,,
0.91856,"5,805.55",0.00309,648.30286,0.00309,0.15441,,
0.92062,"5,799.63",0.00309,647.64099,0.00309,0.15425,,
0.92244,"5,794.86",0.00308,647.10883,0.00308,0.15414,,
0.924,"5,786.00",0.00308,646.11969,0.00308,0.15391,,
0.92537,"5,777.97",0.00307,645.2226,0.00307,0.15369,,
0.9275,"5,779.53",0.00308,645.39709,0.00308,0.1538,,
0.92925,"5,780.47",0.00307,645.50177,0.00307,0.15375,,
0.93037,"5,776.71",0.00307,645.08197,0.00307,0.15367,,
0.93225,"5,776.42",0.00307,645.05023,0.00307,0.15365,,
0.93406,"5,782.33",0.00308,645.70923,0.00308,0.15379,,
0.93575,"5,782.87",0.00308,645.76941,0.00308,0.15383,,
0.93706,"5,780.61",0.00308,645.51794,0.00308,0.15378,,
0.93919,"5,784.56",0.00308,645.95923,0.00308,0.15386,,
0.94094,"5,788.40",0.00308,646.38696,0.00308,0.15396,,
0.94212,"5,784.90",0.00308,645.99719,0.00308,0.15386,,
0.94375,"5,782.61",0.00308,645.74078,0.00308,0.15377,,
0.94575,"5,789.32",0.00308,646.49048,0.00308,0.15399,,
0.94744,"5,788.89",0.00308,646.44257,0.00308,0.15395,,
0.94875,"5,786.69",0.00308,646.19678,0.00308,0.15388,,
0.95075,"5,788.80",0.00308,646.43256,0.00308,0.15389,,
0.95262,"5,792.40",0.00308,646.83472,0.00308,0.15401,,
0.95387,"5,789.12",0.00308,646.46802,0.00308,0.15393,,
0.95531,"5,784.85",0.00308,645.9906,0.00308,0.15382,,
0.9575,"5,791.51",0.00308,646.73511,0.00308,0.15397,,
0.95912,"5,791.15",0.00308,646.69415,0.00308,0.15396,,
0.96044,"5,787.48",0.00308,646.2851,0.00308,0.15382,,
0.96231,"5,787.87",0.00308,646.32867,0.00308,0.15388,,
0.96425,"5,792.69",0.00308,646.86682,0.00308,0.15397,,
0.96569,"5,790.50",0.00308,646.62207,0.00308,0.15393,,
0.967,"5,784.92",0.00308,645.99884,0.00308,0.15376,,
0.96919,"5,789.59",0.00308,646.52032,0.00308,0.15387,,
0.97075,"5,789.53",0.00308,646.51404,0.00308,0.15388,,
0.97206,"5,786.66",0.00308,646.19269,0.00308,0.15377,,
0.97387,"5,785.68",0.00307,646.08398,0.00307,0.15375,,
0.976,"5,791.58",0.00308,646.74207,0.00308,0.1539,,
0.9775,"5,789.45",0.00308,646.50525,0.00308,0.15383,,
0.97862,"5,782.38",0.00307,645.71503,0.00307,0.15367,,
0.98075,"5,786.72",0.00307,646.19965,0.00307,0.1537,,
0.98237,"5,786.84",0.00307,646.21289,0.00307,0.15373,,
0.98381,"5,784.91",0.00307,645.99829,0.00307,0.1537,,
0.9855,"5,782.74",0.00307,645.75513,0.00307,0.15362,,
0.98762,"5,788.53",0.00308,646.40216,0.00308,0.15381,,
0.98925,"5,786.74",0.00307,646.20233,0.00307,0.15374,,
0.99025,"5,780.71",0.00307,645.52893,0.00307,0.1536,,
0.99237,"5,782.98",0.00307,645.78259,0.00307,0.15364,,
0.99412,"5,786.11",0.00307,646.13153,0.00307,0.15373,,
0.9955,"5,783.26",0.00307,645.8139,0.00307,0.15361,,
0.99706,"5,781.08",0.00307,645.57001,0.00307,0.15356,,
0.99925,"5,786.55",0.00307,646.1814,0.00307,0.15371,,
1.00094,"5,786.63",0.00307,646.1897,0.00307,0.15373,,
1.002,"5,781.71",0.00307,645.64008,0.00307,0.15359,,
1.004,"5,781.58",0.00307,645.62616,0.00307,0.15358,,
1.00575,"5,786.26",0.00307,646.14862,0.00307,0.1537,,
1.00731,"5,784.58",0.00307,645.96088,0.00307,0.15367,,
1.00869,"5,781.39",0.00307,645.60443,0.00307,0.15355,,
1.01094,"5,786.50",0.00307,646.17535,0.00307,0.15369,,
1.01269,"5,787.76",0.00308,646.31592,0.00308,0.15376,,
1.01381,"5,782.81",0.00307,645.76276,0.00307,0.15364,,
1.0155,"5,780.82",0.00307,645.54156,0.00307,0.15355,,
1.01737,"5,786.51",0.00307,646.17615,0.00307,0.1537,,
1.019,"5,785.09",0.00307,646.01807,0.00307,0.15367,,
1.02037,"5,782.77",0.00307,645.75916,0.00307,0.15358,,
1.02256,"5,787.01",0.00307,646.23206,0.00307,0.15371,,
1.02431,"5,787.77",0.00307,646.31744,0.00307,0.1537,,
1.0255,"5,784.67",0.00307,645.97125,0.00307,0.15365,,
1.027,"5,780.44",0.00307,645.49805,0.00307,0.1535,,
1.02912,"5,787.70",0.00307,646.30975,0.00307,0.15372,,
1.02981,"5,786.49",0.00307,646.17413,0.00307,0.15373,,
1.02987,"5,786.45",0.00308,646.16949,0.00307,0.15377,,
1.03106,"5,783.65",0.00309,645.85712,0.00307,0.15451,,
1.03106,"5,768.75",0.00309,644.19318,0.00306,0.15451,,
1.03106,"5,758.97",0.00309,643.10156,0.00306,0.15451,,
1.03106,"5,751.15",0.00309,642.22766,0.00306,0.15451,,
1.03106,"5,745.48",0.00309,641.59454,0.00305,0.15451,,
1.03094,"5,741.03",0.00309,641.09741,0.00305,0.15443,,
1.03094,"5,736.96",0.00309,640.64374,0.00305,0.15443,,
1.03094,"5,733.51",0.00309,640.25793,0.00305,0.15443,,
1.03087,"5,730.74",0.00309,639.94897,0.00305,0.1544,,
1.03087,"5,728.54",0.00309,639.70337,0.00304,0.1544,,
1.03081,"5,726.19",0.00309,639.44006,0.00304,0.15436,,
1.03081,"5,724.08",0.00309,639.20483,0.00304,0.15436,,
1.03081,"5,722.14",0.00309,638.98853,0.00304,0.15436,,
1.03075,"5,720.10",0.00309,638.76093,0.00304,0.15432,,
1.03075,"5,718.26",0.00309,638.55499,0.00304,0.15432,,
1.03075,"5,717.31",0.00309,638.4491,0.00304,0.15432,,
1.03075,"5,715.47",0.00309,638.24304,0.00304,0.15432,,
1.03075,"5,714.61",0.00309,638.14722,0.00304,0.15432,,
1.03075,"5,713.00",0.00309,637.96729,0.00304,0.15432,,
1.03069,"5,712.21",0.00309,637.87939,0.00304,0.15428,,
1.03069,"5,711.04",0.00309,637.74933,0.00303,0.15428,,
1.03069,"5,709.93",0.00309,637.62457,0.00303,0.15428,,
1.03069,"5,709.27",0.00309,637.55115,0.00303,0.15428,,
1.03069,"5,708.22",0.00309,637.43347,0.00303,0.15428,,
1.03069,"5,707.10",0.00309,637.30927,0.00303,0.15428,,
1.03069,"5,706.91",0.00309,637.28796,0.00303,0.15428,,
1.03069,"5,705.68",0.00309,637.15021,0.00303,0.15428,,
1.03069,"5,705.42",0.00309,637.12158,0.00303,0.15428,,
1.03069,"5,704.36",0.00309,637.00299,0.00303,0.15428,,
1.03069,"5,703.98",0.00309,636.95984,0.00303,0.15428,,
1.03069,"5,703.23",0.00309,636.87604,0.00303,0.15428,,
1.03069,"5,702.50",0.00309,636.79517,0.00303,0.15428,,
1.03069,"5,702.38",0.00309,636.78217,0.00303,0.15428,,
1.03069,"5,701.30",0.00309,636.6615,0.00303,0.15428,,
1.03069,"5,700.36",0.00309,636.55646,0.00303,0.15428,,
1.03069,"5,700.06",0.00309,636.52271,0.00303,0.15428,,
1.03069,"5,699.52",0.00309,636.46259,0.00303,0.15428,,
1.03069,"5,699.00",0.00309,636.40454,0.00303,0.15428,,
1.03069,"5,698.51",0.00309,636.34973,0.00303,0.15428,,
1.03069,"5,697.98",0.00309,636.29083,0.00303,0.15428,,
1.03069,"5,697.49",0.00309,636.23523,0.00303,0.15428,,
1.03069,"5,696.94",0.00309,636.17456,0.00303,0.15428,,
1.03069,"5,696.63",0.00309,636.14014,0.00303,0.15428,,
1.03069,"5,695.67",0.00309,636.03265,0.00303,0.15428,,
1.03069,"5,695.45",0.00309,636.008,0.00303,0.15428,,
1.03069,"5,695.35",0.00309,635.99609,0.00303,0.15428,,
1.03069,"5,694.42",0.00309,635.89313,0.00303,0.15428,,
1.03069,"5,694.26",0.00309,635.87439,0.00303,0.15428,,
1.03069,"5,694.20",0.00309,635.86804,0.00303,0.15428,,
1.03069,"5,692.79",0.00309,635.71063,0.00303,0.15428,,
1.03069,"5,692.97",0.00309,635.73059,0.00303,0.15428,,
1.03069,"5,692.06",0.00309,635.62878,0.00302,0.15428,,
1.03069,"5,691.77",0.00309,635.59705,0.00303,0.15428,,
1.03069,"5,691.21",0.00309,635.53491,0.00303,0.15428,,
1.03069,"5,691.41",0.00309,635.55652,0.00302,0.15428,,
1.03069,"5,690.89",0.00309,635.4989,0.00302,0.15428,,
1.03069,"5,690.39",0.00309,635.44226,0.00302,0.15428,,
1.03069,"5,690.11",0.00309,635.41174,0.00302,0.15428,,
1.03069,"5,689.69",0.00309,635.36414,0.00302,0.15428,,
1.03069,"5,689.71",0.00309,635.36652,0.00302,0.15428,,
1.03069,"5,688.88",0.00309,635.27393,0.00302,0.15428,,
1.03069,"5,688.59",0.00309,635.24146,0.00302,0.15428,,
1.03069,"5,688.56",0.00309,635.23798,0.00302,0.15428,,
1.03069,"5,688.29",0.00309,635.2085,0.00302,0.15428,,
1.03069,"5,687.78",0.00309,635.151,0.00302,0.15428,,
1.03069,"5,687.85",0.00309,635.15948,0.00302,0.15428,,
1.03069,"5,687.56",0.00309,635.12714,0.00302,0.15428,,
1.03069,"5,687.59",0.00309,635.13007,0.00302,0.15428,,
1.03069,"5,687.08",0.00309,635.07324,0.00302,0.15428,,
1.03069,"5,686.51",0.00309,635.00922,0.00302,0.15428,,
1.03069,"5,686.03",0.00309,634.95563,0.00302,0.15428,,
1.03069,"5,686.10",0.00309,634.96411,0.00302,0.15428,,
1.03069,"5,685.70",0.00309,634.9187,0.00302,0.15428,,
1.03069,"5,685.40",0.00309,634.88501,0.00302,0.15428,,
1.03069,"5,685.61",0.00309,634.90875,0.00302,0.15428,,
1.03069,"5,684.80",0.00309,634.81897,0.00302,0.15428,,
1.03069,"5,684.78",0.00309,634.81659,0.00302,0.15428,,
1.03069,"5,684.67",0.00309,634.80389,0.00302,0.15428,,
1.03069,"5,684.13",0.00309,634.74353,0.00302,0.15428,,
1.03069,"5,684.01",0.00309,634.73083,0.00302,0.15428,,
1.03069,"5,683.82",0.00309,634.7088,0.00302,0.15428,,
1.03069,"5,683.63",0.00309,634.68817,0.00302,0.15428,,
1.03069,"5,683.37",0.00309,634.65894,0.00302,0.15428,,
1.03069,"5,683.44",0.00309,634.66711,0.00302,0.15428,,
1.03069,"5,683.02",0.00309,634.6203,0.00302,0.15428,,
1.03069,"5,683.07",0.00309,634.62561,0.00302,0.15428,,
1.03069,"5,682.28",0.00309,634.53766,0.00302,0.15428,,
1.03069,"5,682.40",0.00309,634.55048,0.00302,0.15428,,
1.03069,"5,681.81",0.00309,634.48462,0.00302,0.15428,,
1.03069,"5,681.71",0.00309,634.47363,0.00302,0.15428,,
1.03069,"5,681.61",0.00309,634.46234,0.00302,0.15428,,
1.03069,"5,681.41",0.00309,634.44037,0.00302,0.15428,,
1.03069,"5,681.08",0.00309,634.40302,0.00302,0.15428,,
1.03069,"5,681.20",0.00309,634.41602,0.00302,0.15428,,
1.03069,"5,680.63",0.00309,634.35327,0.00302,0.15428,,
1.03069,"5,680.35",0.00309,634.32166,0.00302,0.15428,,
1.03069,"5,680.39",0.00309,634.32617,0.00302,0.15428,,
1.03069,"5,680.10",0.00309,634.29388,0.00302,0.15428,,
1.03069,"5,680.36",0.00309,634.32257,0.00302,0.15428,,
1.03069,"5,680.05",0.00309,634.28857,0.00302,0.15428,,
1.03069,"5,679.30",0.00309,634.20447,0.00302,0.15428,,
1.03069,"5,679.36",0.00309,634.21088,0.00302,0.15428,,
1.03069,"5,679.24",0.00309,634.1972,0.00302,0.15428,,
1.03069,"5,679.54",0.00309,634.2312,0.00302,0.15428,,
1.03069,"5,679.26",0.00309,634.19946,0.00302,0.15428,,
1.03069,"5,679.01",0.00309,634.17163,0.00302,0.15428,,
1.03069,"5,678.79",0.00309,634.14783,0.00302,0.15428,,
1.03069,"5,678.59",0.00309,634.12488,0.00302,0.15428,,
1.03069,"5,678.75",0.00309,634.14313,0.00302,0.15428,,
1.03069,"5,678.57",0.00309,634.12317,0.00302,0.15428,,
1.03069,"5,678.12",0.00309,634.07208,0.00302,0.15428,,
1.03069,"5,677.77",0.00309,634.03326,0.00302,0.15428,,
1.03069,"5,678.07",0.00309,634.06702,0.00302,0.15428,,
1.03069,"5,677.47",0.00309,633.99982,0.00302,0.15428,,
1.03069,"5,677.74",0.00309,634.02966,0.00302,0.15428,,
1.03069,"5,677.22",0.00309,633.97235,0.00302,0.15428,,
1.03069,"5,677.06",0.00309,633.95459,0.00302,0.15428,,
1.03069,"5,677.05",0.00309,633.95294,0.00302,0.15428,,
1.03069,"5,676.79",0.00309,633.92383,0.00302,0.15428,,
1.03069,"5,676.53",0.00309,633.89526,0.00302,0.15428,,
1.03069,"5,676.49",0.00309,633.89044,0.00302,0.15428,,
1.03069,"5,676.41",0.00309,633.88123,0.00302,0.15428,,
1.03069,"5,676.25",0.00309,633.86377,0.00302,0.15428,,
1.03069,"5,675.73",0.00309,633.80518,0.00302,0.15428,,
1.03069,"5,675.61",0.00309,633.79285,0.00302,0.15428,,
1.03069,"5,675.27",0.00309,633.75458,0.00302,0.15428,,
1.03069,"5,675.50",0.00309,633.77966,0.00302,0.15428,,
1.03069,"5,675.38",0.00309,633.76703,0.00302,0.15428,,
1.03069,"5,675.31",0.00309,633.7583,0.00302,0.15428,,
1.03069,"5,675.04",0.00309,633.729,0.00302,0.15428,,
1.03069,"5,675.10",0.00309,633.73566,0.00302,0.15428,,
1.03069,"5,674.72",0.00309,633.69269,0.00302,0.15428,,
1.03069,"5,674.94",0.00309,633.71765,0.00302,0.15428,,
1.03069,"5,674.61",0.00309,633.68048,0.00302,0.15428,,
1.03069,"5,674.52",0.00309,633.67078,0.00302,0.15428,,
1.03069,"5,674.34",0.00309,633.65039,0.00302,0.15428,,
1.03069,"5,673.98",0.00309,633.61011,0.00302,0.15428,,
1.03069,"5,674.01",0.00309,633.61371,0.00302,0.15428,,
1.03069,"5,673.94",0.00309,633.60583,0.00302,0.15428,,
1.03069,"5,673.91",0.00309,633.60266,0.00302,0.15428,,
1.03069,"5,673.52",0.00309,633.5592,0.00302,0.15428,,
1.03069,"5,673.81",0.00309,633.59113,0.00302,0.15428,,
1.03069,"5,673.38",0.00309,633.54376,0.00302,0.15428,,
1.03069,"5,673.53",0.00309,633.55981,0.00302,0.15428,,
1.03069,"5,673.24",0.00309,633.52734,0.00302,0.15428,,
1.03069,"5,673.32",0.00309,633.53613,0.00302,0.15428,,
1.03069,"5,673.15",0.00309,633.51727,0.00302,0.15428,,
1.03069,"5,672.66",0.00309,633.46265,0.00302,0.15428,,
1.03069,"5,672.85",0.00309,633.48456,0.00302,0.15428,,
1.03069,"5,672.39",0.00309,633.43243,0.00302,0.15428,,
1.03069,"5,672.25",0.00309,633.41693,0.00302,0.15428,,
1.03069,"5,672.51",0.00309,633.44568,0.00301,0.15428,,
1.03069,"5,672.08",0.00309,633.39825,0.00301,0.15428,,
1.03069,"5,672.11",0.00309,633.40173,0.00301,0.15428,,
1.03069,"5,671.87",0.00309,633.37469,0.00301,0.15428,,
1.03069,"5,671.66",0.00309,633.35101,0.00301,0.15428,,
1.03069,"5,671.97",0.00309,633.38629,0.00302,0.15428,,
1.03069,"5,672.06",0.00309,633.39587,0.00301,0.15428,,
1.03069,"5,671.73",0.00309,633.35852,0.00301,0.15428,,
1.03069,"5,671.76",0.00309,633.36249,0.00301,0.15428,,
1.03069,"5,671.47",0.00309,633.32977,0.00302,0.15428,,
1.03069,"5,671.43",0.00309,633.32593,0.00301,0.15428,,
1.03069,"5,671.46",0.00309,633.32861,0.00301,0.15428,,
1.03069,"5,671.00",0.00309,633.27704,0.00301,0.15428,,
1.03069,"5,671.02",0.00309,633.27924,0.00301,0.15428,,
1.03069,"5,671.28",0.00309,633.30927,0.00301,0.15428,,
1.03069,"5,670.90",0.00309,633.2663,0.00301,0.15428,,
1.03069,"5,670.72",0.00309,633.24585,0.00301,0.15428,,
1.03069,"5,670.48",0.00309,633.21912,0.00302,0.15428,,
1.03069,"5,670.02",0.00309,633.16809,0.00303,0.15428,,
1.03069,"5,670.60",0.00309,633.23254,0.00303,0.15428,,
1.03069,"5,670.00",0.00309,633.16638,0.00305,0.15428,,
1.03069,"5,670.57",0.00309,633.22919,0.00305,0.15428,,
1.03069,"5,670.24",0.00309,633.19226,0.00304,0.15428,,
1.03069,"5,669.90",0.00309,633.15436,0.00301,0.15428,,
1.03069,"5,669.75",0.00309,633.13831,0.00291,0.15428,,
1.03069,"5,669.18",0.00309,633.07428,0.00282,0.15428,,
1.03069,"5,669.03",0.00309,633.05725,0.00015,0.15428,,
1.03069,"5,669.55",0.00309,633.11566,-0.00108,0.15428,,
1.03069,"5,668.75",0.00309,633.026,-0.0013,0.15428,,
1.03069,"5,668.80",0.00309,633.03162,-0.00159,0.15428,,
1.03069,"5,669.46",0.00309,633.10565,-0.00156,0.15428,,
1.03069,"5,669.02",0.00309,633.05652,-0.00244,0.15428,,
1.03069,"5,669.02",0.00309,633.05627,-0.00269,0.15428,,
1.03069,"5,669.03",0.00309,633.05786,-0.00269,0.15428,,
1.03069,"5,668.57",0.00309,633.00604,-0.00269,0.15428,,
1.03069,"5,668.62",0.00309,633.01166,-0.00269,0.15428,,
1.03069,"5,668.47",0.00309,632.99463,-0.00269,0.15428,,
1.03069,"5,668.65",0.00309,633.01477,-0.00269,0.15428,,
1.03069,"5,668.31",0.00309,632.97748,-0.00269,0.15428,,
1.03069,"5,668.51",0.00309,632.99945,-0.00269,0.15428,,
1.03069,"5,668.04",0.00309,632.9472,-0.00269,0.15428,,
1.03069,"5,667.93",0.00309,632.93475,-0.00269,0.15428,,
1.03069,"5,668.06",0.00309,632.94891,-0.00269,0.15428,,
1.03069,"5,668.07",0.00309,632.95044,-0.00269,0.15428,,
1.03069,"5,667.88",0.00309,632.92889,-0.00269,0.15428,,
1.03069,"5,667.86",0.00309,632.92725,-0.00269,0.15428,,
1.03069,"5,667.52",0.00309,632.8891,-0.00269,0.15428,,
1.03069,"5,667.28",0.00309,632.86243,-0.00268,0.15428,,
1.03069,"5,667.44",0.00309,632.88031,-0.00266,0.15428,,
1.03069,"5,667.35",0.00309,632.86957,-0.00269,0.15428,,
1.03069,"5,667.14",0.00309,632.84631,-0.00269,0.15428,,
1.03069,"5,667.06",0.00309,632.83807,-0.00269,0.15428,,
1.03069,"5,666.90",0.00309,632.81934,-0.00269,0.15428,,
1.03069,"5,666.91",0.00309,632.82129,-0.0027,0.15428,,
1.03069,"5,667.10",0.00309,632.8421,-0.00273,0.15428,,
1.03069,"5,666.79",0.00309,632.80786,-0.00248,0.15428,,
1.03069,"5,666.69",0.00309,632.79657,-0.00245,0.15428,,
1.03069,"5,666.73",0.00309,632.80054,-0.00259,0.15428,,
1.03069,"5,665.88",0.00309,632.7063,-0.00204,0.15428,,
1.03069,"5,666.72",0.00309,632.79919,0.00216,0.15428,,
1.03069,"5,666.72",0.00309,632.79907,0.01132,0.15428,,
1.03069,"5,666.94",0.00309,632.82385,0.01118,0.15428,,
1.03069,"5,667.08",0.00309,632.84009,0.0113,0.15428,,
1.03069,"5,667.09",0.00309,632.84106,0.01139,0.15428,,
1.03069,"5,667.09",0.00309,632.84106,0.01168,0.15428,,
1.03069,"5,667.75",0.00309,632.91504,0.01731,0.15428,,
1.03069,"5,666.82",0.00309,632.81116,0.01837,0.15428,,
1.03069,"5,665.41",0.00309,632.65326,0.01822,0.15428,,
1.03069,"5,665.09",0.00309,632.61786,0.01813,0.15428,,
1.03069,"5,665.23",0.00309,632.63318,0.01662,0.15428,,
1.03069,"5,664.72",0.00309,632.57635,0.01655,0.15428,,
1.03069,"5,664.82",0.00309,632.58722,0.01655,0.15428,,
1.03069,"5,664.37",0.00309,632.53748,0.01619,0.15428,,
1.03069,"5,664.28",0.00309,632.52655,0.01377,0.15428,,
1.03069,"5,664.38",0.00309,632.5387,0.01385,0.15428,,
1.03069,"5,664.33",0.00309,632.53284,0.01385,0.15428,,
1.03069,"5,664.28",0.00309,632.52698,0.01385,0.15428,,
1.03069,"5,664.16",0.00309,632.51392,0.01385,0.15428,,
1.03069,"5,663.68",0.00309,632.46027,0.01385,0.15428,,
1.03069,"5,664.21",0.00309,632.51898,0.01385,0.15428,,
1.03069,"5,663.85",0.00309,632.47876,0.01385,0.15428,,
1.03069,"5,664.14",0.00309,632.51184,0.01386,0.15428,,
1.03069,"5,664.33",0.00309,632.5329,0.01386,0.15428,,
1.03069,"5,663.61",0.00309,632.45264,0.01386,0.15428,,
1.03069,"5,663.81",0.00309,632.47443,0.01386,0.15428,,
1.03069,"5,663.76",0.00309,632.46893,0.01386,0.15428,,
1.03069,"5,663.60",0.00309,632.45142,0.01386,0.15428,,
1.03069,"5,663.86",0.00309,632.47998,0.01385,0.15428,,
1.03069,"5,663.49",0.00309,632.43909,0.01386,0.15428,,
1.03069,"5,663.39",0.00309,632.42743,0.01386,0.15428,,
1.03069,"5,663.50",0.00309,632.44019,0.01488,0.15428,,
1.03069,"5,662.78",0.00309,632.35962,0.01897,0.15428,,
1.03069,"5,663.89",0.00309,632.48303,0.01768,0.15428,,
1.03069,"5,663.99",0.00309,632.49493,0.01555,0.15428,,
1.03069,"5,664.64",0.00309,632.56683,0.01088,0.15428,,
1.03069,"5,663.69",0.00309,632.46075,0.01118,0.15428,,
1.03069,"5,661.72",0.00309,632.24109,0.01133,0.15428,,
1.03069,"5,660.75",0.00309,632.13269,0.01328,0.15428,,
1.03069,"5,661.73",0.00309,632.24274,0.01318,0.15428,,
1.03069,"5,661.81",0.00309,632.25159,0.01312,0.15428,,
1.03069,"5,661.47",0.00309,632.21283,0.01313,0.15428,,
1.03069,"5,661.85",0.00309,632.25592,0.01308,0.15428,,
1.03069,"5,661.57",0.00309,632.22424,0.01306,0.15428,,
1.03069,"5,661.92",0.00309,632.263,0.01282,0.15428,,
1.03069,"5,662.38",0.00309,632.31445,0.01031,0.15428,,
1.03069,"5,663.54",0.00309,632.44464,0.00369,0.15428,,
1.03069,"5,662.32",0.00309,632.30865,0.00355,0.15428,,
1.03069,"5,663.61",0.00309,632.45239,0.00108,0.15428,,
1.03069,"5,662.83",0.00309,632.36536,-0.00331,0.15428,,
1.03069,"5,663.25",0.00309,632.41254,-0.01075,0.15428,,
1.03069,"5,663.77",0.00309,632.47058,-0.01382,0.15428,,
1.03069,"5,662.43",0.00309,632.32037,-0.00132,0.15428,,
1.03069,"5,661.80",0.00309,632.25037,0.00054,0.15428,,
1.03069,"5,661.99",0.00309,632.27124,0.00116,0.15428,,
1.03069,"5,661.69",0.00309,632.23792,0.0028,0.15428,,
1.03069,"5,662.02",0.00309,632.27472,0.00117,0.15428,,
1.03069,"5,659.49",0.00309,631.9917,-0.00157,0.15428,,
1.03069,"5,657.31",0.00309,631.74921,-0.00215,0.15428,,
1.03069,"5,656.46",0.00309,631.65424,0.00274,0.15428,,
1.03069,"5,657.01",0.00309,631.71564,0.00483,0.15428,,
1.03069,"5,656.66",0.00309,631.67584,0.0066,0.15428,,
1.03069,"5,656.64",0.00309,631.67444,0.00649,0.15428,,
1.03069,"5,656.62",0.00309,631.67126,0.002,0.15428,,
1.03069,"5,656.26",0.00309,631.6319,-0.00067,0.15428,,
1.03069,"5,656.12",0.00309,631.61597,-0.00255,0.15428,,
1.03069,"5,656.21",0.00309,631.62537,-0.01099,0.15428,,
1.03069,"5,655.33",0.00309,631.52728,-0.00996,0.15428,,
1.03069,"5,655.17",0.00309,631.50983,-0.00974,0.15428,,
1.03069,"5,654.96",0.00309,631.48633,-0.00806,0.15428,,
1.03069,"5,654.45",0.00309,631.42981,-0.01078,0.15428,,
1.03069,"5,654.77",0.00309,631.46539,0.01213,0.15428,,
1.03069,"5,654.17",0.00309,631.39795,0.01262,0.15428,,
1.03069,"5,654.17",0.00309,631.39764,0.00953,0.15428,,
1.03069,"5,654.91",0.00309,631.48035,0.01356,0.15428,,
1.03069,"5,654.54",0.00309,631.43909,0.01147,0.15428,,
1.03069,"5,654.28",0.00309,631.41003,0.00319,0.15428,,
1.03069,"5,654.39",0.00309,631.42236,0.01289,0.15428,,
1.03069,"5,654.42",0.00309,631.42609,0.01539,0.15428,,
1.03069,"5,654.39",0.00309,631.42255,0.01425,0.15428,,
1.03069,"5,654.15",0.00309,631.39612,0.00763,0.15428,,
1.03069,"5,654.54",0.00309,631.43958,0.00908,0.15428,,
1.03069,"5,654.37",0.00309,631.42084,0.00806,0.15428,,
1.03069,"5,654.25",0.00309,631.4071,0.01631,0.15428,,
1.03069,"5,654.19",0.00309,631.39996,0.00677,0.15428,,
1.03069,"5,654.21",0.00309,631.40222,0.00331,0.15428,,
1.03069,"5,654.23",0.00309,631.40521,-0.00164,0.15428,,
1.03069,"5,654.19",0.00309,631.40021,0.00613,0.15428,,
1.03069,"5,654.16",0.00309,631.39716,-0.0008,0.15428,,
1.03069,"5,654.11",0.00309,631.39136,-0.00333,0.15428,,
1.03069,"5,654.33",0.00309,631.41632,-0.00564,0.15428,,
1.03069,"5,654.65",0.00309,631.45123,0.00053,0.15428,,
1.03069,"5,654.17",0.00309,631.39764,-0.01497,0.15428,,
1.03069,"5,654.02",0.00309,631.38116,0.0159,0.15428,,
1.03069,"5,654.07",0.00309,631.3866,-0.00328,0.15428,,
1.03069,"5,653.48",0.00309,631.32135,0.00225,0.15428,,
1.03069,"5,654.04",0.00309,631.38373,0.00194,0.15428,,
1.03069,"5,653.91",0.00309,631.36908,0.00191,0.15428,,
1.03069,"5,653.83",0.00309,631.36066,0.00183,0.15428,,
1.03069,"5,654.12",0.00309,631.39294,0.0019,0.15428,,
1.03069,"5,653.74",0.00309,631.35052,0.00182,0.15428,,
1.03069,"5,653.82",0.00309,631.35895,0.00187,0.15428,,
1.03069,"5,653.75",0.00309,631.35065,0.00182,0.15428,,
1.03069,"5,653.60",0.00309,631.33466,0.00185,0.15428,,
1.03069,"5,653.56",0.00309,631.33008,0.00183,0.15428,,
1.03069,"5,653.30",0.00309,631.30121,0.00182,0.15428,,
1.03069,"5,653.90",0.00309,631.36749,0.00183,0.15428,,
1.03069,"5,653.55",0.00309,631.32861,0.00181,0.15428,,
1.03069,"5,653.52",0.00309,631.32501,0.00182,0.15428,,
1.03069,"5,654.00",0.00309,631.37866,0.00182,0.15428,,
1.03069,"5,653.69",0.00309,631.34412,0.00182,0.15428,,
1.03069,"5,653.71",0.00309,631.34723,0.00182,0.15428,,
1.03069,"5,653.39",0.00309,631.31152,0.00181,0.15428,,
1.03069,"5,653.88",0.00309,631.36591,0.00181,0.15428,,
1.03069,"5,653.51",0.00309,631.32391,0.00181,0.15428,,
1.03069,"5,653.90",0.00309,631.3678,0.00181,0.15428,,
1.03069,"5,653.85",0.00309,631.36285,0.00181,0.15428,,
1.03069,"5,654.06",0.00309,631.38586,0.00181,0.15428,,
1.03069,"5,653.81",0.00309,631.35846,0.00181,0.15428,,
1.03069,"5,653.79",0.00309,631.35583,0.00181,0.15428,,
1.03069,"5,654.02",0.00309,631.38104,0.00181,0.15428,,
1.03069,"5,654.32",0.00309,631.41443,0.00181,0.15428,,
1.03069,"5,654.28",0.00309,631.41071,0.00181,0.15428,,
1.03069,"5,654.35",0.00309,631.41876,0.00181,0.15428,,
1.03069,"5,654.31",0.00309,631.41388,0.00181,0.15428,,
1.03069,"5,653.93",0.00309,631.37152,0.00181,0.15428,,
1.03069,"5,654.02",0.00309,631.38147,0.00181,0.15428,,
1.03069,"5,653.90",0.00309,631.36798,0.00181,0.15428,,
1.03069,"5,653.81",0.00309,631.35846,0.00181,0.15428,,
1.03069,"5,654.19",0.00309,631.40051,0.00181,0.15428,,
1.03069,"5,654.04",0.00309,631.38409,0.00181,0.15428,,
1.03069,"5,653.25",0.00309,631.29535,0.00182,0.15428,,
1.03069,"5,653.06",0.00309,631.27417,0.00182,0.15428,,
1.03069,"5,652.92",0.00309,631.25836,0.00182,0.15428,,
1.03069,"5,652.58",0.00309,631.22095,0.00181,0.15428,,
1.03069,"5,652.85",0.00309,631.25043,0.0018,0.15428,,
1.03069,"5,653.32",0.00309,631.30328,0.0018,0.15428,,
1.03069,"5,652.78",0.00309,631.24316,0.0018,0.15428,,
1.03069,"5,652.84",0.00309,631.24933,0.0018,0.15428,,
1.03069,"5,653.20",0.00309,631.28979,0.00181,0.15428,,
1.03069,"5,652.75",0.00309,631.23944,0.00181,0.15428,,
1.03069,"5,653.15",0.00309,631.2843,0.00181,0.15428,,
1.03069,"5,653.24",0.00309,631.29462,0.00181,0.15428,,
1.03069,"5,652.59",0.00309,631.22205,0.00181,0.15428,,
1.03069,"5,652.77",0.00309,631.24127,0.00181,0.15428,,
1.03069,"5,652.83",0.00309,631.24854,0.00181,0.15428,,
1.03069,"5,652.78",0.00309,631.24274,0.00181,0.15428,,
1.03069,"5,652.81",0.00309,631.24622,0.00181,0.15428,,
1.03069,"5,652.54",0.00309,631.21558,0.00181,0.15428,,
1.03125,"5,654.28",0.00309,631.41028,0.00181,0.15463,,
1.03387,"5,674.20",0.00313,633.63507,0.00181,0.15627,,
1.03681,"5,711.17",0.00316,637.76282,0.00181,0.15811,,
1.03794,"5,725.53",0.00318,639.36694,0.00181,0.15881,,
1.04012,"5,744.08",0.0032,641.43848,0.00181,0.16018,,
1.04169,"5,762.08",0.00322,643.44885,0.00181,0.16115,,
1.04312,"5,776.69",0.00324,645.07928,0.00181,0.16205,,
1.04469,"5,789.35",0.00326,646.4939,0.00181,0.16303,,
1.04687,"5,807.57",0.00329,648.52802,0.00181,0.1644,,
1.04862,"5,819.31",0.00331,649.83923,0.00181,0.16549,,
1.04962,"5,821.61",0.00332,650.0965,0.00181,0.16611,,
1.05162,"5,823.76",0.00335,650.336,0.00182,0.16736,,
1.05331,"5,821.45",0.00337,650.07806,0.00182,0.16842,,
1.05494,"5,808.88",0.00339,648.67487,0.00182,0.16943,,
1.05637,"5,793.48",0.00341,646.95459,0.00182,0.17033,,
1.05856,"5,789.18",0.00343,646.47461,0.00182,0.1717,,
1.06025,"5,782.85",0.00346,645.76752,0.00182,0.17275,,
1.06131,"5,774.56",0.00347,644.84149,0.00182,0.17342,,
1.06319,"5,772.33",0.00349,644.59259,0.00182,0.17459,,
1.06512,"5,777.41",0.00352,645.15991,0.00182,0.1758,,
1.06662,"5,774.04",0.00353,644.78387,0.00182,0.17674,,
1.068,"5,770.70",0.00355,644.41071,0.00182,0.1776,,
1.07006,"5,774.47",0.00358,644.83234,0.00182,0.17889,,
1.07187,"5,775.79",0.0036,644.97992,0.00182,0.18002,,
1.07312,"5,772.44",0.00362,644.60577,0.00182,0.1808,,
1.07481,"5,770.36",0.00364,644.37274,0.00182,0.18186,,
1.07681,"5,776.16",0.00366,645.021,0.00182,0.18311,,
1.07831,"5,773.89",0.00368,644.76721,0.00182,0.18404,,
1.07962,"5,770.56",0.0037,644.39514,0.00182,0.18486,,
1.08169,"5,772.76",0.00372,644.64099,0.00182,0.18615,,
1.08362,"5,777.00",0.00375,645.11414,0.00182,0.18736,,
1.08487,"5,773.24",0.00376,644.69495,0.00182,0.18815,,
1.08637,"5,768.67",0.00378,644.18481,0.00182,0.18908,,
1.08844,"5,775.55",0.00381,644.95221,0.00183,0.19037,,
1.09,"5,773.28",0.00383,644.6991,0.00183,0.19135,,
1.09137,"5,771.04",0.00384,644.4494,0.00183,0.19221,,
1.09325,"5,772.14",0.00387,644.5722,0.00183,0.19338,,
1.09525,"5,775.96",0.00389,644.99866,0.00183,0.19463,,
1.09662,"5,773.16",0.00391,644.68597,0.00183,0.19549,,
1.09787,"5,768.12",0.00393,644.12299,0.00183,0.19627,,
1.10019,"5,775.30",0.00395,644.92419,0.00183,0.19772,,
1.10175,"5,773.45",0.00397,644.71851,0.00183,0.19869,,
1.10306,"5,770.25",0.00399,644.36078,0.00183,0.19951,,
1.10481,"5,769.89",0.00401,644.32062,0.00183,0.20061,,
1.10681,"5,774.30",0.00404,644.81268,0.00183,0.20186,,
1.10837,"5,773.68",0.00406,644.7439,0.00183,0.20283,,
1.10962,"5,766.94",0.00407,643.99115,0.00183,0.20361,,
1.11187,"5,772.31",0.0041,644.59131,0.00183,0.20502,,
1.11337,"5,771.20",0.00412,644.46692,0.00184,0.20596,,
1.11475,"5,768.28",0.00414,644.14111,0.00183,0.20682,,
1.11637,"5,765.77",0.00416,643.86072,0.00183,0.20783,,
1.11856,"5,772.57",0.00418,644.61987,0.00183,0.2092,,
1.12019,"5,771.12",0.0042,644.45764,0.00183,0.21022,,
1.12125,"5,763.78",0.00422,643.63788,0.00183,0.21088,,
1.12337,"5,767.08",0.00424,644.00653,0.00183,0.21221,,
1.12506,"5,768.87",0.00427,644.20691,0.00183,0.21326,,
1.12656,"5,766.51",0.00428,643.94275,0.00183,0.2142,,
1.12806,"5,764.08",0.0043,643.67151,0.00183,0.21514,,
1.13019,"5,768.90",0.00433,644.20972,0.00184,0.21647,,
1.13187,"5,769.29",0.00435,644.25317,0.00183,0.21752,,
1.13294,"5,762.99",0.00436,643.54999,0.00184,0.21818,,
1.135,"5,763.85",0.00439,643.64587,0.00183,0.21947,,
1.13675,"5,768.07",0.00441,644.11707,0.00184,0.22057,,
1.13831,"5,765.95",0.00443,643.88062,0.00184,0.22154,,
1.13969,"5,762.11",0.00445,643.45221,0.00184,0.2224,,
1.14175,"5,766.39",0.00447,643.92944,0.00184,0.22369,,
1.14356,"5,767.80",0.0045,644.08728,0.00184,0.22482,,
1.14469,"5,762.65",0.00451,643.51257,0.00184,0.22553,,
1.14656,"5,762.04",0.00453,643.44366,0.00184,0.2267,,
1.14837,"5,766.27",0.00456,643.91638,0.00184,0.22783,,
1.15,"5,764.88",0.00458,643.76099,0.00184,0.22885,,
1.15131,"5,760.81",0.00459,643.30701,0.00184,0.22967,,
1.1535,"5,764.46",0.00462,643.71399,0.00184,0.23104,,
1.15531,"5,766.56",0.00464,643.94818,0.00184,0.23217,,
1.15644,"5,762.00",0.00466,643.43951,0.00184,0.23287,,
1.15806,"5,758.98",0.00468,643.10229,0.00184,0.23389,,
1.16006,"5,764.73",0.0047,643.74457,0.00184,0.23514,,
1.16169,"5,763.41",0.00472,643.59698,0.00184,0.23615,,
1.163,"5,759.62",0.00474,643.17401,0.00184,0.23697,,
1.16506,"5,761.90",0.00477,643.42841,0.00184,0.23826,,
1.16694,"5,764.70",0.00479,643.74066,0.00184,0.23943,,
1.16819,"5,760.89",0.0048,643.31512,0.00185,0.24022,,
1.16962,"5,756.87",0.00482,642.86633,0.00185,0.24111,,
1.17175,"5,763.09",0.00485,643.56122,0.00185,0.24244,,
1.17344,"5,761.69",0.00487,643.40503,0.00185,0.2435,,
1.17475,"5,758.94",0.00489,643.09814,0.00185,0.24432,,
1.17656,"5,758.39",0.00491,643.03601,0.00185,0.24545,,
1.1785,"5,762.96",0.00493,643.54681,0.00185,0.24666,,
1.18,"5,761.24",0.00495,643.35425,0.00185,0.2476,,
1.18125,"5,756.14",0.00497,642.78497,0.00185,0.24838,,
1.18337,"5,761.42",0.00499,643.37451,0.00185,0.24971,,
1.18506,"5,760.67",0.00502,643.29126,0.00185,0.25076,,
1.18644,"5,759.39",0.00503,643.14819,0.00185,0.25162,,
1.18812,"5,758.09",0.00505,643.0033,0.00185,0.25268,,
1.19025,"5,764.07",0.00508,643.67072,0.00185,0.254,,
1.19175,"5,761.63",0.0051,643.39752,0.00185,0.25494,,
1.19294,"5,755.94",0.00511,642.76312,0.00185,0.25568,,
1.19506,"5,760.71",0.00514,643.29578,0.00185,0.25701,,
1.19669,"5,761.02",0.00516,643.33038,0.00185,0.25803,,
1.19819,"5,759.53",0.00518,643.16364,0.00185,0.25897,,
1.19981,"5,757.93",0.0052,642.9845,0.00185,0.25998,,
1.20194,"5,763.20",0.00523,643.57391,0.00185,0.26131,,
1.2035,"5,761.27",0.00525,643.35797,0.00185,0.26229,,
1.20456,"5,756.11",0.00526,642.78217,0.00185,0.26295,,
1.20669,"5,758.48",0.00529,643.04675,0.00185,0.26428,,
1.20844,"5,761.01",0.00531,643.3288,0.00185,0.26537,,
1.20987,"5,759.39",0.00533,643.14819,0.00185,0.26627,,
1.21137,"5,756.11",0.00534,642.78149,0.00185,0.26721,,
1.21356,"5,761.23",0.00537,643.35358,0.00185,0.26857,,
1.21519,"5,760.07",0.00539,643.22406,0.00185,0.26959,,
1.21631,"5,755.36",0.00541,642.69806,0.00185,0.27029,,
1.21825,"5,755.32",0.00543,642.69293,0.00185,0.2715,,
1.22006,"5,759.22",0.00545,643.12866,0.00185,0.27264,,
1.22162,"5,757.38",0.00547,642.92371,0.00186,0.27361,,
1.22294,"5,753.98",0.00549,642.54437,0.00186,0.27443,,
1.22525,"5,759.15",0.00552,643.12152,0.00186,0.27588,,
1.22694,"5,759.96",0.00554,643.21143,0.00186,0.27693,,
1.22806,"5,755.61",0.00555,642.72601,0.00186,0.27764,,
1.22981,"5,753.63",0.00557,642.50458,0.00186,0.27873,,
1.23169,"5,758.62",0.0056,643.06238,0.00186,0.2799,,
1.23331,"5,758.18",0.00562,643.01331,0.00186,0.28092,,
1.23462,"5,755.16",0.00563,642.67584,0.00186,0.28174,,
1.23681,"5,759.26",0.00566,643.1333,0.00186,0.28311,,
1.23856,"5,760.87",0.00568,643.31366,0.00186,0.2842,,
1.23981,"5,757.05",0.0057,642.88715,0.00186,0.28498,,
1.24131,"5,753.93",0.00572,642.53784,0.00186,0.28592,,
1.24344,"5,760.38",0.00574,643.25879,0.00186,0.28725,,
1.245,"5,758.92",0.00576,643.09558,0.00186,0.28822,,
1.24637,"5,756.03",0.00578,642.77228,0.00186,0.28908,,
1.24831,"5,758.37",0.00581,643.03418,0.00186,0.29029,,
1.25019,"5,761.98",0.00583,643.43677,0.00186,0.29147,,
1.25162,"5,759.86",0.00585,643.20007,0.00186,0.29236,,
1.25287,"5,754.58",0.00586,642.61053,0.00186,0.29315,,
1.25512,"5,761.63",0.00589,643.39783,0.00186,0.29455,,
1.25669,"5,760.01",0.00591,643.2168,0.00186,0.29553,,
1.258,"5,757.00",0.00593,642.88147,0.00187,0.29635,,
1.25994,"5,758.12",0.00595,643.00641,0.00186,0.29756,,
1.26187,"5,762.75",0.00598,643.52332,0.00186,0.29877,,
1.26337,"5,761.18",0.00599,643.34772,0.00186,0.29971,,
1.26462,"5,754.78",0.00601,642.63269,0.00187,0.30049,,
1.26675,"5,760.75",0.00604,643.30035,0.00186,0.30182,,
1.26837,"5,759.77",0.00606,643.19037,0.00186,0.30283,,
1.26975,"5,758.38",0.00607,643.03522,0.00186,0.30369,,
1.27156,"5,758.36",0.0061,643.03253,0.00187,0.30482,,
1.27362,"5,763.28",0.00612,643.58203,0.00187,0.30611,,
1.27506,"5,761.35",0.00614,643.36633,0.00187,0.30701,,
1.27619,"5,755.63",0.00615,642.72821,0.00187,0.30772,,
1.2785,"5,760.57",0.00618,643.28009,0.00187,0.30916,,
1.28006,"5,760.57",0.0062,643.27966,0.00187,0.31014,,
1.28144,"5,759.56",0.00622,643.16681,0.00187,0.311,,
1.28312,"5,758.24",0.00624,643.01971,0.00187,0.31205,,
1.28525,"5,763.33",0.00627,643.58844,0.00187,0.31338,,
1.28681,"5,762.30",0.00629,643.47321,0.00187,0.31436,,
1.28787,"5,757.13",0.0063,642.89563,0.00187,0.31502,,
1.29012,"5,760.82",0.00633,643.30737,0.00187,0.31643,,
1.29169,"5,761.32",0.00635,643.36371,0.00187,0.3174,,
1.29312,"5,760.50",0.00637,643.27222,0.00187,0.3183,,
1.29469,"5,757.95",0.00639,642.98749,0.00187,0.31928,,
1.29687,"5,763.41",0.00641,643.59662,0.00187,0.32065,,
1.29856,"5,763.92",0.00643,643.6543,0.00187,0.3217,,
1.29962,"5,758.50",0.00645,643.04828,0.00187,0.32236,,
1.30175,"5,759.68",0.00647,643.18005,0.00187,0.32369,,
1.30344,"5,762.65",0.00649,643.51239,0.00187,0.32475,,
1.305,"5,761.46",0.00651,643.37872,0.00187,0.32572,,
1.30637,"5,758.50",0.00653,643.04834,0.00187,0.32658,,
1.30856,"5,762.84",0.00656,643.53345,0.00187,0.32795,,
1.31025,"5,763.11",0.00658,643.56372,0.00187,0.329,,
1.31137,"5,759.71",0.00659,643.18341,0.00187,0.32971,,
1.31331,"5,759.70",0.00662,643.18219,0.00187,0.33092,,
1.31519,"5,764.91",0.00664,643.76398,0.00187,0.33209,,
1.31669,"5,762.63",0.00666,643.50958,0.00187,0.33303,,
1.318,"5,759.83",0.00668,643.19708,0.00187,0.33385,,
1.32012,"5,763.36",0.0067,643.59137,0.00187,0.33518,,
1.32187,"5,765.30",0.00673,643.80847,0.00187,0.33627,,
1.32312,"5,761.83",0.00674,643.42102,0.00187,0.33705,,
1.32487,"5,760.25",0.00676,643.24396,0.00187,0.33815,,
1.32687,"5,766.66",0.00679,643.95941,0.00188,0.3394,,
1.32837,"5,764.76",0.00681,643.7475,0.00188,0.34033,,
1.32969,"5,761.18",0.00682,643.34741,0.00187,0.34115,,
1.33169,"5,763.05",0.00685,643.55621,0.00188,0.3424,,
1.33369,"5,767.67",0.00687,644.07263,0.00187,0.34365,,
1.33487,"5,763.99",0.00689,643.66138,0.00188,0.3444,,
1.33644,"5,760.50",0.00691,643.27234,0.00188,0.34537,,
1.3385,"5,766.36",0.00693,643.9267,0.00188,0.34666,,
1.34006,"5,765.38",0.00695,643.81702,0.00188,0.34764,,
1.34137,"5,762.24",0.00697,643.466,0.00188,0.34846,,
1.34331,"5,763.43",0.00699,643.59961,0.00188,0.34967,,
1.34525,"5,767.54",0.00702,644.05823,0.00188,0.35088,,
1.34662,"5,765.45",0.00703,643.82477,0.00188,0.35174,,
1.34794,"5,759.81",0.00705,643.1944,0.00188,0.35256,,
1.35025,"5,767.25",0.00708,644.02618,0.00188,0.354,,
1.35181,"5,766.15",0.0071,643.90277,0.00188,0.35498,,
1.35312,"5,763.23",0.00712,643.5769,0.00188,0.3558,,
1.35487,"5,763.13",0.00714,643.56573,0.00188,0.3569,,
1.35681,"5,767.66",0.00716,644.07129,0.00188,0.35811,,
1.35844,"5,767.47",0.00718,644.0506,0.00188,0.35912,,
1.35962,"5,760.99",0.0072,643.32678,0.00188,0.35986,,
1.36187,"5,767.03",0.00723,644.00085,0.00188,0.36127,,
1.36344,"5,766.17",0.00724,643.90552,0.00188,0.36225,,
1.36481,"5,763.96",0.00726,643.65845,0.00188,0.36311,,
1.36644,"5,761.86",0.00728,643.42346,0.00189,0.36412,,
1.36856,"5,768.53",0.00731,644.16907,0.00188,0.36545,,
1.37019,"5,767.79",0.00733,644.08606,0.00189,0.36647,,
1.37131,"5,761.24",0.00734,643.3548,0.00188,0.36717,,
1.37337,"5,765.08",0.00737,643.78387,0.00188,0.36846,,
1.37512,"5,766.65",0.00739,643.95856,0.00188,0.36955,,
1.37656,"5,765.33",0.00741,643.81177,0.00188,0.37045,,
1.37806,"5,762.49",0.00743,643.49365,0.00188,0.37139,,
1.38019,"5,767.50",0.00745,644.05353,0.00188,0.37272,,
1.38194,"5,767.91",0.00748,644.09955,0.00188,0.37381,,
1.38294,"5,761.90",0.00749,643.42871,0.00188,0.37443,,
1.38506,"5,763.73",0.00752,643.63293,0.00188,0.37576,,
1.38681,"5,767.11",0.00754,644.00989,0.00188,0.37686,,
1.38837,"5,765.95",0.00756,643.88074,0.00188,0.37783,,
1.38969,"5,762.04",0.00757,643.44446,0.00188,0.37865,,
1.39181,"5,766.41",0.0076,643.93201,0.00188,0.37998,,
1.39362,"5,767.86",0.00762,644.09406,0.00188,0.38111,,
1.39475,"5,763.28",0.00764,643.58276,0.00188,0.38182,,
1.39662,"5,762.81",0.00766,643.5296,0.00188,0.38299,,
1.39844,"5,766.81",0.00768,643.97711,0.00188,0.38412,,
1.4,"5,765.78",0.0077,643.86176,0.00189,0.3851,,
1.40131,"5,762.21",0.00772,643.46271,0.00189,0.38592,,
1.4035,"5,766.02",0.00775,643.88837,0.00189,0.38729,,
1.40531,"5,767.68",0.00777,644.07343,0.00189,0.38842,,
1.40644,"5,763.80",0.00778,643.64069,0.00189,0.38912,,
1.40812,"5,761.59",0.0078,643.39313,0.00188,0.39018,,
1.41012,"5,766.91",0.00783,643.98718,0.00189,0.39143,,
1.41175,"5,765.87",0.00785,643.87152,0.00189,0.39244,,
1.413,"5,762.76",0.00786,643.52435,0.00189,0.39322,,
1.41512,"5,764.81",0.00789,643.75342,0.00189,0.39455,,
1.41694,"5,767.33",0.00791,644.03461,0.00189,0.39568,,
1.41819,"5,763.75",0.00793,643.63501,0.00189,0.39647,,
1.41969,"5,759.85",0.00795,643.19928,0.00189,0.3974,,
1.42181,"5,766.50",0.00797,643.94244,0.00189,0.39873,,
1.42344,"5,765.13",0.00799,643.7887,0.00189,0.39975,,
1.42475,"5,762.22",0.00801,643.46356,0.00189,0.40057,,
1.42662,"5,762.07",0.00803,643.44708,0.00189,0.40174,,
1.4285,"5,766.03",0.00806,643.8894,0.00189,0.40291,,
1.43,"5,764.07",0.00808,643.67004,0.00189,0.40385,,
1.43131,"5,758.99",0.00809,643.10382,0.00189,0.40467,,
1.43344,"5,764.31",0.00812,643.69763,0.00189,0.406,,
1.43506,"5,763.31",0.00814,643.58588,0.00189,0.40701,,
1.43644,"5,761.37",0.00816,643.36853,0.00189,0.40787,,
1.43819,"5,759.53",0.00818,643.16357,0.00189,0.40897,,
1.44031,"5,765.62",0.00821,643.84406,0.00189,0.41029,,
1.44175,"5,762.93",0.00822,643.54297,0.00189,0.41119,,
1.44294,"5,756.96",0.00824,642.87671,0.00189,0.41193,,
1.44506,"5,761.10",0.00827,643.33929,0.00189,0.41326,,
1.44675,"5,762.02",0.00829,643.44116,0.00189,0.41432,,
1.44819,"5,759.94",0.0083,643.20886,0.00189,0.41522,,
1.44981,"5,758.29",0.00832,643.02533,0.00189,0.41623,,
1.452,"5,763.50",0.00835,643.60687,0.00189,0.4176,,
1.4535,"5,761.51",0.00837,643.38483,0.00189,0.41854,,
1.45462,"5,755.99",0.00838,642.76813,0.00189,0.41924,,
1.45669,"5,758.69",0.00841,643.06982,0.00189,0.42053,,
1.4585,"5,761.66",0.00843,643.40179,0.0019,0.42166,,
1.45987,"5,759.73",0.00845,643.18622,0.0019,0.42252,,
1.46144,"5,756.77",0.00847,642.85504,0.0019,0.4235,,
1.46362,"5,762.07",0.0085,643.44672,0.0019,0.42486,,
1.46525,"5,761.41",0.00852,643.37354,0.00189,0.42588,,
1.46637,"5,757.01",0.00853,642.8819,0.00189,0.42658,,
1.46831,"5,757.38",0.00856,642.92358,0.00189,0.42779,,
1.47012,"5,761.02",0.00858,643.33057,0.00189,0.42893,,
1.47162,"5,759.58",0.0086,643.1687,0.0019,0.42986,,
1.473,"5,756.04",0.00861,642.77423,0.0019,0.43072,,
1.47525,"5,761.49",0.00864,643.38269,0.0019,0.43213,,
1.477,"5,762.47",0.00866,643.49139,0.0019,0.43322,,
1.47806,"5,757.52",0.00868,642.93951,0.00189,0.43389,,
1.47987,"5,756.01",0.0087,642.77094,0.00189,0.43502,,
1.48169,"5,760.46",0.00872,643.26733,0.0019,0.43615,,
1.48337,"5,759.51",0.00874,643.16162,0.0019,0.43721,,
1.48469,"5,756.10",0.00876,642.78088,0.00189,0.43803,,
1.48687,"5,760.74",0.00879,643.29865,0.00189,0.4394,,
1.48862,"5,761.82",0.00881,643.4198,0.0019,0.44049,,
1.48981,"5,758.22",0.00882,643.01685,0.0019,0.44123,,
1.49144,"5,754.81",0.00884,642.63599,0.0019,0.44225,,
1.49356,"5,761.23",0.00887,643.3537,0.0019,0.44357,,
1.49506,"5,759.32",0.00889,643.14069,0.0019,0.44451,,
1.49637,"5,755.89",0.00891,642.75757,0.0019,0.44533,,
1.49837,"5,757.96",0.00893,642.98785,0.0019,0.44658,,
1.50025,"5,761.39",0.00896,643.3717,0.0019,0.44775,,
1.50162,"5,758.95",0.00897,643.099,0.0019,0.44861,,
1.50294,"5,753.93",0.00899,642.53772,0.0019,0.44943,,
1.50519,"5,760.90",0.00902,643.31671,0.0019,0.45084,,
1.50669,"5,758.55",0.00904,643.05444,0.0019,0.45178,,
1.508,"5,755.82",0.00905,642.74902,0.0019,0.4526,,
1.51,"5,756.78",0.00908,642.85669,0.0019,0.45385,,
1.51194,"5,761.21",0.0091,643.35138,0.0019,0.45506,,
1.51337,"5,759.59",0.00912,643.17017,0.0019,0.45596,,
1.51462,"5,753.13",0.00913,642.44843,0.0019,0.45674,,
1.51681,"5,759.19",0.00916,643.12579,0.0019,0.45811,,
1.51837,"5,758.37",0.00918,643.03448,0.0019,0.45908,,
1.51975,"5,756.93",0.0092,642.87299,0.0019,0.45994,,
1.52162,"5,756.67",0.00922,642.84442,0.0019,0.46111,,
1.52362,"5,761.48",0.00925,643.38165,0.0019,0.46236,,
1.52512,"5,759.25",0.00927,643.13202,0.0019,0.4633,,
1.52625,"5,753.97",0.00928,642.54285,0.0019,0.464,,
1.5285,"5,759.16",0.00931,643.12189,0.0019,0.46541,,
1.53006,"5,758.92",0.00933,643.09503,0.0019,0.46639,,
1.5315,"5,757.34",0.00935,642.91901,0.0019,0.46729,,
1.53312,"5,756.00",0.00937,642.76965,0.0019,0.4683,,
1.53525,"5,761.31",0.00939,643.36292,0.0019,0.46963,,
1.53687,"5,760.73",0.00941,643.29706,0.0019,0.47065,,
1.53794,"5,754.49",0.00943,642.60095,0.00191,0.47131,,
1.54019,"5,758.57",0.00945,643.05646,0.00191,0.47272,,
1.54175,"5,758.65",0.00947,643.065,0.00191,0.47369,,
1.54319,"5,757.66",0.00949,642.95422,0.00191,0.47459,,
1.54475,"5,755.96",0.00951,642.76495,0.00191,0.47557,,
1.54694,"5,761.17",0.00954,643.3465,0.00191,0.47693,,
1.54862,"5,760.60",0.00956,643.28284,0.00191,0.47799,,
1.54962,"5,755.37",0.00957,642.69897,0.00191,0.47861,,
1.55169,"5,756.63",0.0096,642.83936,0.00191,0.4799,,
1.55337,"5,759.55",0.00962,643.16571,0.0019,0.48096,,
1.555,"5,758.67",0.00964,643.06799,0.0019,0.48197,,
1.55644,"5,756.40",0.00966,642.81458,0.0019,0.48287,,
1.55856,"5,759.76",0.00968,643.18909,0.0019,0.4842,,
1.56025,"5,759.97",0.00971,643.21301,0.0019,0.48525,,
1.56137,"5,756.08",0.00972,642.77856,0.0019,0.48596,,
1.56331,"5,755.88",0.00974,642.75574,0.0019,0.48717,,
1.56519,"5,760.80",0.00977,643.30493,0.0019,0.48834,,
1.56669,"5,758.72",0.00979,643.07367,0.00191,0.48928,,
1.568,"5,755.69",0.0098,642.7348,0.0019,0.4901,,
1.57012,"5,758.82",0.00983,643.08435,0.0019,0.49143,,
1.57194,"5,760.98",0.00985,643.32599,0.0019,0.49256,,
1.57312,"5,757.81",0.00987,642.97113,0.00191,0.4933,,
1.57487,"5,755.26",0.00989,642.68634,0.00191,0.4944,,
1.57687,"5,761.10",0.00991,643.33844,0.00191,0.49565,,
1.57837,"5,759.26",0.00993,643.13354,0.00191,0.49658,,
1.57962,"5,755.32",0.00995,642.69318,0.00191,0.49736,,
1.58169,"5,758.09",0.00997,643.00262,0.00191,0.49865,,
1.58362,"5,762.12",0.01,643.453,0.00191,0.49986,,
1.58487,"5,758.96",0.01001,643.10004,0.00191,0.50065,,
1.58637,"5,754.79",0.01003,642.63385,0.00191,0.50158,,
1.58844,"5,761.21",0.01006,643.35144,0.00191,0.50287,,
1.59006,"5,760.09",0.01008,643.22638,0.0019,0.50389,,
1.59137,"5,757.56",0.01009,642.9436,0.00191,0.50471,,
1.59337,"5,758.85",0.01012,643.08777,0.00191,0.50596,,
1.59525,"5,761.92",0.01014,643.43036,0.00191,0.50713,,
1.59662,"5,760.26",0.01016,643.24524,0.00191,0.50799,,
1.59794,"5,754.47",0.01018,642.59827,0.00191,0.50881,,
1.60019,"5,762.18",0.0102,643.45905,0.00191,0.51022,,
1.60181,"5,760.49",0.01022,643.271,0.00191,0.51123,,
1.60306,"5,757.47",0.01024,642.93408,0.00191,0.51201,,
1.60487,"5,757.49",0.01026,642.93628,0.0019,0.51315,,
1.60687,"5,762.24",0.01029,643.46619,0.0019,0.5144,,
1.60844,"5,761.78",0.01031,643.41534,0.0019,0.51537,,
1.60962,"5,755.66",0.01032,642.73151,0.00191,0.51611,,
1.61187,"5,761.17",0.01035,643.34674,0.00191,0.51752,,
1.61344,"5,760.46",0.01037,643.26697,0.00191,0.5185,,
1.61481,"5,758.46",0.01039,643.04364,0.00191,0.51936,,
1.61644,"5,756.62",0.01041,642.8382,0.00191,0.52037,,
1.61856,"5,762.72",0.01043,643.5202,0.00191,0.5217,,
1.62019,"5,761.83",0.01045,643.42096,0.00191,0.52272,,
1.62131,"5,755.81",0.01047,642.7478,0.00191,0.52342,,
1.62344,"5,759.53",0.01049,643.16406,0.0019,0.52475,,
1.62512,"5,761.28",0.01052,643.35889,0.00191,0.5258,,
1.62656,"5,759.65",0.01053,643.17719,0.00191,0.5267,,
1.62806,"5,756.59",0.01055,642.83575,0.00191,0.52764,,
1.63012,"5,761.33",0.01058,643.36426,0.00191,0.52893,,
1.63187,"5,761.78",0.0106,643.41437,0.00191,0.53002,,
1.63294,"5,756.35",0.01061,642.80878,0.00191,0.53068,,
1.635,"5,758.22",0.01064,643.01709,0.00191,0.53197,,
1.63681,"5,760.91",0.01066,643.31726,0.00191,0.53311,,
1.63831,"5,760.04",0.01068,643.22101,0.00192,0.53404,,
1.63969,"5,756.09",0.0107,642.77899,0.00191,0.5349,,
1.64175,"5,760.55",0.01072,643.27728,0.00191,0.53619,,
1.64362,"5,762.53",0.01075,643.49908,0.00191,0.53736,,
1.64475,"5,757.57",0.01076,642.94495,0.00192,0.53807,,
1.64662,"5,756.89",0.01078,642.86877,0.00191,0.53924,,
1.64844,"5,760.87",0.01081,643.31348,0.00191,0.54037,,
1.65,"5,760.07",0.01083,643.224,0.00191,0.54135,,
1.65137,"5,756.59",0.01084,642.83527,0.00192,0.54221,,
1.6535,"5,760.98",0.01087,643.32562,0.00192,0.54354,,
1.65537,"5,762.35",0.01089,643.4787,0.00192,0.54471,,
1.65644,"5,759.15",0.01091,643.12134,0.00192,0.54537,,
1.65812,"5,755.95",0.01093,642.76404,0.00192,0.54643,,
1.66012,"5,761.87",0.01095,643.42511,0.00192,0.54768,,
1.66175,"5,760.90",0.01097,643.31641,0.00192,0.54869,,
1.66306,"5,757.73",0.01099,642.96204,0.00192,0.54951,,
1.66512,"5,759.87",0.01102,643.20142,0.00192,0.5508,,
1.66687,"5,761.82",0.01104,643.41968,0.00192,0.5519,,
1.66819,"5,759.57",0.01105,643.16821,0.00192,0.55272,,
1.66962,"5,755.14",0.01107,642.67303,0.00191,0.55361,,
1.67181,"5,761.74",0.0111,643.41046,0.00191,0.55498,,
1.67344,"5,760.80",0.01112,643.30499,0.00191,0.556,,
1.67475,"5,757.66",0.01114,642.95514,0.00191,0.55682,,
1.67662,"5,757.69",0.01116,642.9585,0.00192,0.55799,,
1.67856,"5,761.93",0.01118,643.43146,0.00192,0.5592,,
1.68,"5,760.20",0.0112,643.2381,0.00192,0.5601,,
1.68131,"5,754.89",0.01122,642.6449,0.00192,0.56092,,
1.68344,"5,760.30",0.01124,643.24994,0.00192,0.56225,,
1.68506,"5,759.31",0.01127,643.13873,0.00192,0.56326,,
1.6865,"5,757.36",0.01128,642.92114,0.00192,0.56416,,
1.68825,"5,756.19",0.01131,642.79041,0.00192,0.56525,,
1.69031,"5,762.07",0.01133,643.44672,0.00192,0.56654,,
1.69175,"5,759.28",0.01135,643.13544,0.00192,0.56744,,
1.69294,"5,753.08",0.01136,642.44373,0.00192,0.56818,,
1.69506,"5,757.29",0.01139,642.91309,0.00192,0.56951,,
1.69675,"5,758.23",0.01141,643.01874,0.00192,0.57057,,
1.69819,"5,757.47",0.01143,642.93378,0.00192,0.57147,,
1.69981,"5,755.20",0.01145,642.67993,0.00192,0.57248,,
1.70194,"5,760.83",0.01148,643.30853,0.00192,0.57381,,
1.7035,"5,758.81",0.0115,643.08295,0.00192,0.57479,,
1.70462,"5,754.22",0.01151,642.57025,0.00192,0.57549,,
1.70669,"5,756.86",0.01154,642.8653,0.00192,0.57678,,
1.7085,"5,759.16",0.01156,643.1228,0.00192,0.57791,,
1.70987,"5,757.69",0.01158,642.95782,0.00192,0.57877,,
1.71137,"5,755.05",0.01159,642.66333,0.00192,0.57971,,
1.71362,"5,760.33",0.01162,643.25256,0.00192,0.58111,,
1.71525,"5,760.22",0.01164,643.24066,0.00192,0.58213,,
1.71637,"5,755.45",0.01166,642.70795,0.00192,0.58283,,
1.71831,"5,756.77",0.01168,642.85553,0.00192,0.58404,,
1.72006,"5,759.78",0.0117,643.19147,0.00192,0.58514,,
1.72162,"5,758.96",0.01172,643.10034,0.00192,0.58611,,
1.723,"5,755.39",0.01174,642.70166,0.00192,0.58697,,
1.72525,"5,760.69",0.01177,643.29272,0.00192,0.58838,,
1.727,"5,761.86",0.01179,643.42365,0.00192,0.58947,,
1.72806,"5,757.15",0.0118,642.89728,0.00192,0.59014,,
1.72981,"5,756.18",0.01182,642.78979,0.00192,0.59123,,
1.73175,"5,760.99",0.01185,643.32678,0.00192,0.59244,,
1.73337,"5,760.33",0.01187,643.25244,0.00192,0.59346,,
1.73469,"5,756.75",0.01189,642.85358,0.00192,0.59428,,
1.73687,"5,761.34",0.01191,643.3653,0.00192,0.59565,,
1.73856,"5,761.79",0.01193,643.41638,0.00192,0.5967,,
1.73981,"5,758.91",0.01195,643.09485,0.00192,0.59748,,
1.74144,"5,755.89",0.01197,642.7569,0.00192,0.5985,,
1.7435,"5,761.63",0.012,643.39819,0.00192,0.59979,,
1.74506,"5,760.57",0.01202,643.2793,0.00192,0.60076,,
1.74637,"5,756.55",0.01203,642.83057,0.00192,0.60158,,
1.74837,"5,759.52",0.01206,643.16278,0.00192,0.60283,,
1.75031,"5,762.50",0.01208,643.49493,0.00192,0.60404,,
1.75162,"5,760.22",0.0121,643.24072,0.00192,0.60486,,
1.75294,"5,754.89",0.01211,642.64545,0.00192,0.60568,,
1.75519,"5,762.16",0.01214,643.45764,0.00193,0.60709,,
1.75675,"5,760.12",0.01216,643.2298,0.00193,0.60807,,
1.758,"5,757.03",0.01218,642.88397,0.00192,0.60885,,
1.76,"5,758.20",0.0122,643.01471,0.00192,0.6101,,
1.76194,"5,762.14",0.01223,643.45532,0.00192,0.61131,,
1.76337,"5,760.68",0.01224,643.29169,0.00192,0.61221,,
1.76456,"5,754.62",0.01226,642.61517,0.00192,0.61295,,
1.76681,"5,760.27",0.01229,643.24615,0.00192,0.61436,,
1.76837,"5,759.38",0.01231,643.14648,0.00192,0.61533,,
1.76975,"5,757.64",0.01232,642.95258,0.00192,0.61619,,
1.77162,"5,757.34",0.01235,642.91913,0.00193,0.61736,,
1.77356,"5,761.46",0.01237,643.37921,0.00192,0.61857,,
1.77512,"5,760.45",0.01239,643.2666,0.00192,0.61955,,
1.77619,"5,754.26",0.0124,642.57532,0.00192,0.62022,,
1.7785,"5,758.54",0.01243,643.05255,0.00192,0.62166,,
1.78006,"5,758.50",0.01245,643.04889,0.00192,0.62264,,
1.78144,"5,756.90",0.01247,642.86945,0.00192,0.6235,,
1.78312,"5,754.87",0.01249,642.64319,0.00192,0.62455,,
1.78525,"5,760.56",0.01252,643.27893,0.00192,0.62588,,
1.78687,"5,759.91",0.01254,643.20624,0.00192,0.6269,,
1.78794,"5,754.05",0.01255,642.55115,0.00192,0.62756,,
1.79019,"5,757.89",0.01258,642.98083,0.00193,0.62897,,
1.79169,"5,757.75",0.0126,642.96515,0.00193,0.6299,,
1.79319,"5,756.29",0.01262,642.80206,0.00192,0.63084,,
1.79475,"5,754.37",0.01264,642.5871,0.00192,0.63182,,
1.79694,"5,759.61",0.01266,643.17297,0.00193,0.63318,,
1.79862,"5,759.10",0.01268,643.11578,0.00193,0.63424,,
1.79962,"5,753.24",0.0127,642.46118,0.00192,0.63486,,
1.80169,"5,753.96",0.01272,642.54211,0.00192,0.63615,,
1.80337,"5,757.48",0.01274,642.93512,0.00193,0.63721,,
1.805,"5,756.68",0.01276,642.84552,0.00193,0.63822,,
1.80644,"5,753.85",0.01278,642.52985,0.00192,0.63912,,
1.80856,"5,757.84",0.01281,642.97473,0.00192,0.64045,,
1.81019,"5,757.16",0.01283,642.8985,0.00192,0.64147,,
1.81137,"5,754.48",0.01284,642.5993,0.00193,0.64221,,
1.81331,"5,754.07",0.01287,642.55347,0.00192,0.64342,,
1.81519,"5,758.82",0.01289,643.08398,0.00193,0.64459,,
1.81669,"5,756.57",0.01291,642.83313,0.00193,0.64553,,
1.818,"5,753.16",0.01293,642.45215,0.00193,0.64635,,
1.82012,"5,757.51",0.01295,642.9375,0.00193,0.64768,,
1.82194,"5,759.03",0.01298,643.10815,0.00193,0.64881,,
1.82312,"5,755.32",0.01299,642.69299,0.00192,0.64955,,
1.82487,"5,754.01",0.01301,642.54718,0.00192,0.65065,,
1.82687,"5,759.49",0.01304,643.15869,0.00193,0.6519,,
1.82837,"5,757.26",0.01306,642.91028,0.00193,0.65283,,
1.82969,"5,754.10",0.01307,642.5575,0.00193,0.65365,,
1.83175,"5,756.74",0.0131,642.85156,0.00193,0.65494,,
1.83369,"5,760.09",0.01312,643.2265,0.00193,0.65615,,
1.83487,"5,756.96",0.01314,642.8761,0.00193,0.6569,,
1.83637,"5,753.02",0.01316,642.4364,0.00193,0.65783,,
1.8385,"5,759.17",0.01318,643.12347,0.00193,0.65916,,
1.84006,"5,758.04",0.0132,642.99683,0.00193,0.66014,,
1.84137,"5,754.89",0.01322,642.64532,0.00193,0.66096,,
1.84337,"5,756.04",0.01324,642.77423,0.00193,0.66221,,
1.84525,"5,759.74",0.01327,643.18652,0.00193,0.66338,,
1.84662,"5,757.89",0.01328,642.98065,0.00193,0.66424,,
1.84787,"5,752.17",0.0133,642.34125,0.00193,0.66502,,
1.85019,"5,759.62",0.01333,643.1734,0.00193,0.66647,,
1.85181,"5,758.73",0.01335,643.07404,0.00193,0.66748,,
1.85306,"5,755.42",0.01337,642.70496,0.00193,0.66826,,
1.85487,"5,755.85",0.01339,642.75214,0.00194,0.6694,,
1.85681,"5,759.91",0.01341,643.20648,0.00193,0.67061,,
1.85844,"5,759.80",0.01343,643.19403,0.00193,0.67162,,
1.85962,"5,754.03",0.01345,642.54962,0.00193,0.67236,,
1.86187,"5,760.03",0.01348,643.21912,0.00193,0.67377,,
1.86344,"5,759.20",0.01349,643.12701,0.00193,0.67475,,
1.86481,"5,756.50",0.01351,642.82532,0.00193,0.67561,,
1.86644,"5,754.78",0.01353,642.63361,0.00193,0.67662,,
1.86856,"5,760.71",0.01356,643.29541,0.00193,0.67795,,
1.87019,"5,760.64",0.01358,643.2876,0.00193,0.67897,,
1.87131,"5,754.29",0.01359,642.57886,0.00193,0.67967,,
1.87337,"5,757.94",0.01362,642.98621,0.00193,0.68096,,
1.87512,"5,759.66",0.01364,643.17816,0.00193,0.68205,,
1.87656,"5,758.19",0.01366,643.01404,0.00193,0.68295,,
1.87806,"5,755.60",0.01368,642.72461,0.00193,0.68389,,
1.88012,"5,760.38",0.0137,643.25842,0.00193,0.68518,,
1.88194,"5,761.15",0.01373,643.34436,0.00193,0.68631,,
1.88294,"5,755.28",0.01374,642.68939,0.00193,0.68693,,
1.88506,"5,757.80",0.01377,642.97009,0.00193,0.68826,,
1.88681,"5,761.07",0.01379,643.33514,0.00193,0.68936,,
1.88837,"5,759.22",0.01381,643.12872,0.00193,0.69033,,
1.88969,"5,755.60",0.01382,642.72467,0.00193,0.69115,,
1.89175,"5,760.12",0.01385,643.22894,0.00194,0.69244,,
1.89362,"5,761.62",0.01387,643.39709,0.00193,0.69361,,
1.89475,"5,757.25",0.01389,642.90936,0.00193,0.69432,,
1.89662,"5,757.23",0.01391,642.90637,0.00193,0.69549,,
1.89844,"5,761.19",0.01393,643.34882,0.00193,0.69662,,
1.9,"5,759.88",0.01395,643.2027,0.00193,0.6976,,
1.90131,"5,756.83",0.01397,642.86176,0.00193,0.69842,,
1.9035,"5,760.92",0.014,643.31866,0.00193,0.69979,,
1.90531,"5,762.54",0.01402,643.50024,0.00193,0.70092,,
1.90644,"5,758.33",0.01403,643.03009,0.00193,0.70162,,
1.90812,"5,756.56",0.01405,642.83252,0.00193,0.70268,,
1.91012,"5,761.76",0.01408,643.41266,0.00193,0.70393,,
1.91175,"5,761.29",0.0141,643.36023,0.00193,0.70494,,
1.91306,"5,757.92",0.01412,642.98407,0.00193,0.70576,,
1.91512,"5,760.48",0.01414,643.26923,0.00193,0.70705,,
1.91694,"5,762.82",0.01416,643.53143,0.00193,0.70818,,
1.91819,"5,760.10",0.01418,643.22693,0.00194,0.70897,,
1.91969,"5,755.72",0.0142,642.73785,0.00194,0.7099,,
1.92181,"5,762.09",0.01422,643.44965,0.00194,0.71123,,
1.92344,"5,761.38",0.01424,643.37012,0.00194,0.71225,,
1.92475,"5,758.93",0.01426,643.09686,0.00194,0.71307,,
1.92662,"5,759.13",0.01428,643.11932,0.00194,0.71424,,
1.92856,"5,763.26",0.01431,643.58051,0.00193,0.71545,,
1.93,"5,761.12",0.01433,643.34161,0.00194,0.71635,,
1.93131,"5,756.11",0.01434,642.78125,0.00193,0.71717,,
1.93344,"5,761.93",0.01437,643.43176,0.00193,0.7185,,
1.93512,"5,761.07",0.01439,643.33527,0.00194,0.71955,,
1.9365,"5,759.84",0.01441,643.19873,0.00194,0.72041,,
1.93819,"5,758.17",0.01443,643.0116,0.00194,0.72147,,
1.94031,"5,763.50",0.01446,643.60663,0.00193,0.72279,,
1.94175,"5,761.37",0.01447,643.36951,0.00193,0.72369,,
1.94294,"5,755.86",0.01449,642.7533,0.00193,0.72443,,
1.94506,"5,760.22",0.01452,643.2406,0.00194,0.72576,,
1.94675,"5,761.01",0.01454,643.32898,0.00193,0.72682,,
1.94819,"5,759.35",0.01455,643.14386,0.00194,0.72772,,
1.94981,"5,757.53",0.01457,642.94006,0.00193,0.72873,,
1.95194,"5,762.89",0.0146,643.53882,0.00194,0.73006,,
1.9535,"5,760.46",0.01462,643.26733,0.00193,0.73104,,
1.95462,"5,755.80",0.01463,642.74701,0.00194,0.73174,,
1.95669,"5,758.12",0.01466,643.00604,0.00194,0.73303,,
1.9585,"5,760.96",0.01468,643.32318,0.00194,0.73416,,
1.95987,"5,758.65",0.0147,643.0658,0.00194,0.73502,,
1.96137,"5,755.75",0.01472,642.74121,0.00194,0.73596,,
1.96362,"5,761.02",0.01475,643.32983,0.00194,0.73736,,
1.96525,"5,760.24",0.01477,643.24316,0.00194,0.73838,,
1.96637,"5,755.14",0.01478,642.67316,0.00194,0.73908,,
1.96831,"5,756.20",0.01481,642.79218,0.00194,0.74029,,
1.97012,"5,759.01",0.01483,643.10596,0.00194,0.74143,,
1.97162,"5,757.55",0.01485,642.94287,0.00194,0.74236,,
1.973,"5,753.97",0.01486,642.54297,0.00194,0.74322,,
1.97525,"5,759.18",0.01489,643.12451,0.00194,0.74463,,
1.977,"5,760.05",0.01491,643.22186,0.00194,0.74572,,
1.97806,"5,755.08",0.01493,642.66693,0.00194,0.74639,,
1.97987,"5,754.10",0.01495,642.55768,0.00194,0.74752,,
1.98175,"5,758.32",0.01497,643.02838,0.00194,0.74869,,
1.98337,"5,757.68",0.01499,642.95715,0.00194,0.74971,,
1.98469,"5,754.54",0.01501,642.60632,0.00194,0.75053,,
1.98687,"5,757.97",0.01504,642.98987,0.00194,0.7519,,
1.98862,"5,759.44",0.01506,643.15314,0.00194,0.75299,,
1.98981,"5,755.61",0.01507,642.7262,0.00194,0.75373,,
1.99137,"5,752.55",0.01509,642.38452,0.00194,0.75471,,
1.9935,"5,759.03",0.01512,643.10815,0.00194,0.75604,,
1.99506,"5,757.02",0.01514,642.88324,0.00194,0.75701,,
1.99637,"5,753.63",0.01516,642.50531,0.00194,0.75783,,
1.99837,"5,756.33",0.01518,642.80652,0.00194,0.75908,,
2.00025,"5,759.17",0.01521,643.12341,0.00194,0.76025,,
2.00162,"5,756.57",0.01522,642.83319,0.00194,0.76111,,
2.00294,"5,751.70",0.01524,642.28937,0.00194,0.76193,,
2.00519,"5,758.75",0.01527,643.07599,0.00194,0.76334,,
2.00675,"5,756.60",0.01529,642.83606,0.00194,0.76432,,
2.008,"5,753.90",0.0153,642.53485,0.00194,0.7651,,
2.01,"5,755.22",0.01533,642.68225,0.00194,0.76635,,
2.01194,"5,759.02",0.01535,643.10687,0.00194,0.76756,,
2.01344,"5,757.89",0.01537,642.98041,0.00194,0.7685,,
2.01462,"5,751.90",0.01538,642.31183,0.00194,0.76924,,
2.01681,"5,757.37",0.01541,642.92285,0.00194,0.77061,,
2.01837,"5,756.73",0.01543,642.85077,0.00194,0.77158,,
2.01975,"5,755.29",0.01545,642.69,0.00194,0.77244,,
2.02162,"5,755.63",0.01547,642.72791,0.00194,0.77361,,
2.02362,"5,759.82",0.0155,643.19629,0.00194,0.77486,,
2.02512,"5,758.29",0.01552,643.02478,0.00194,0.7758,,
2.02625,"5,752.25",0.01553,642.3512,0.00194,0.7765,,
2.0285,"5,757.59",0.01556,642.94696,0.00194,0.77791,,
2.03006,"5,757.49",0.01558,642.93585,0.00194,0.77889,,
2.0315,"5,756.04",0.0156,642.77423,0.00194,0.77979,,
2.03312,"5,754.09",0.01562,642.55579,0.00194,0.7808,,
2.03525,"5,759.61",0.01564,643.17273,0.00194,0.78213,,
2.03687,"5,759.50",0.01566,643.16052,0.00194,0.78315,,
2.03794,"5,753.24",0.01568,642.46155,0.00195,0.78381,,
2.04019,"5,757.38",0.0157,642.9234,0.00195,0.78522,,
2.04169,"5,757.67",0.01572,642.9563,0.00194,0.78615,,
2.04319,"5,756.32",0.01574,642.80463,0.00195,0.78709,,
2.04475,"5,754.36",0.01576,642.58588,0.00194,0.78807,,
2.04694,"5,759.23",0.01579,643.12994,0.00194,0.78943,,
2.04856,"5,759.09",0.01581,643.1142,0.00194,0.79045,,
2.04962,"5,754.05",0.01582,642.55139,0.00195,0.79111,,
2.05169,"5,754.76",0.01585,642.63055,0.00195,0.7924,,
2.05337,"5,758.45",0.01587,643.04321,0.00195,0.79346,,
2.055,"5,757.56",0.01589,642.94342,0.00195,0.79447,,
2.05644,"5,754.44",0.01591,642.59576,0.00195,0.79537,,
2.05856,"5,758.70",0.01593,643.07129,0.00195,0.7967,,
2.06025,"5,758.66",0.01596,643.06689,0.00195,0.79775,,
2.06137,"5,754.38",0.01597,642.58899,0.00195,0.79846,,
2.06325,"5,753.99",0.01599,642.54468,0.00195,0.79963,,
2.06519,"5,758.95",0.01602,643.09839,0.00195,0.80084,,
2.06669,"5,756.96",0.01604,642.87677,0.00195,0.80178,,
2.06806,"5,753.78",0.01605,642.5213,0.00194,0.80264,,
2.07012,"5,757.29",0.01608,642.91333,0.00194,0.80393,,
2.07187,"5,759.17",0.0161,643.12347,0.00195,0.80502,,
2.07312,"5,755.81",0.01612,642.74817,0.00195,0.8058,,
2.07487,"5,753.69",0.01614,642.51093,0.00194,0.8069,,
2.07687,"5,760.08",0.01616,643.22522,0.00194,0.80815,,
2.07837,"5,757.49",0.01618,642.93634,0.00195,0.80908,,
2.07962,"5,754.20",0.0162,642.56873,0.00195,0.80986,,
2.08169,"5,756.71",0.01622,642.84888,0.00195,0.81115,,
2.08369,"5,760.51",0.01625,643.27344,0.00195,0.8124,,
2.08487,"5,756.74",0.01626,642.85236,0.00195,0.81315,,
2.08644,"5,753.31",0.01628,642.46954,0.00195,0.81412,,
2.0885,"5,759.15",0.01631,643.12097,0.00195,0.81541,,
2.09006,"5,757.82",0.01633,642.97223,0.00194,0.81639,,
2.09137,"5,754.92",0.01634,642.6488,0.00195,0.81721,,
2.09331,"5,756.46",0.01637,642.8208,0.00195,0.81842,,
2.09525,"5,760.18",0.01639,643.23602,0.00194,0.81963,,
2.09662,"5,757.79",0.01641,642.96875,0.00195,0.82049,,
2.09787,"5,752.76",0.01643,642.40729,0.00195,0.82127,,
2.10025,"5,760.26",0.01646,643.24475,0.00195,0.82275,,
2.10181,"5,758.68",0.01647,643.0686,0.00195,0.82373,,
2.10312,"5,755.89",0.01649,642.7569,0.00195,0.82455,,
2.10487,"5,755.83",0.01651,642.75085,0.00195,0.82565,,
2.10681,"5,760.25",0.01654,643.24414,0.00195,0.82686,,
2.10844,"5,759.48",0.01656,643.15784,0.00195,0.82787,,
2.10962,"5,754.20",0.01657,642.56818,0.00194,0.82861,,
2.11187,"5,759.94",0.0166,643.20966,0.00195,0.83002,,
2.11344,"5,759.41",0.01662,643.15002,0.00195,0.831,,
2.11481,"5,757.16",0.01664,642.8985,0.00195,0.83186,,
2.11637,"5,755.31",0.01666,642.69257,0.00195,0.83283,,
2.11856,"5,761.59",0.01668,643.39386,0.00195,0.8342,,
2.12019,"5,761.30",0.0167,643.36169,0.00195,0.83522,,
2.12131,"5,754.88",0.01672,642.64386,0.00195,0.83592,,
2.12344,"5,758.88",0.01674,643.0907,0.00195,0.83725,,
2.12512,"5,760.31",0.01677,643.25055,0.00195,0.8383,,
2.12656,"5,758.69",0.01678,643.06927,0.00195,0.8392,,
2.12806,"5,756.01",0.0168,642.77039,0.00195,0.84014,,
2.13019,"5,760.85",0.01683,643.31073,0.00195,0.84147,,
2.13194,"5,761.61",0.01685,643.39563,0.00195,0.84256,,
2.13294,"5,756.02",0.01686,642.77222,0.00195,0.84318,,
2.135,"5,757.74",0.01689,642.96405,0.00195,0.84447,,
2.13681,"5,760.61",0.01691,643.28442,0.00195,0.84561,,
2.13831,"5,759.34",0.01693,643.1424,0.00195,0.84654,,
2.13969,"5,756.08",0.01695,642.77832,0.00195,0.8474,,
2.14175,"5,759.72",0.01697,643.18518,0.00195,0.84869,,
2.14362,"5,761.49",0.017,643.38275,0.00195,0.84986,,
2.14475,"5,757.12",0.01701,642.89459,0.00195,0.85057,,
2.14662,"5,756.97",0.01703,642.87756,0.00195,0.85174,,
2.14844,"5,760.55",0.01706,643.27734,0.00195,0.85287,,
2.15006,"5,759.34",0.01708,643.14246,0.00195,0.85389,,
2.15137,"5,755.83",0.01709,642.75073,0.00195,0.85471,,
2.1535,"5,759.64",0.01712,643.17542,0.00195,0.85604,,
2.15537,"5,761.51",0.01714,643.38507,0.00195,0.85721,,
2.15644,"5,757.19",0.01716,642.90265,0.00195,0.85787,,
2.15812,"5,755.16",0.01718,642.67584,0.00195,0.85893,,
2.16006,"5,760.16",0.0172,643.23395,0.00195,0.86014,,
2.16175,"5,758.77",0.01722,643.07898,0.00195,0.86119,,
2.163,"5,755.97",0.01724,642.76593,0.00195,0.86197,,
2.16506,"5,757.94",0.01727,642.9859,0.00195,0.86326,,
2.16694,"5,760.31",0.01729,643.25073,0.00195,0.86443,,
2.16819,"5,757.45",0.0173,642.93091,0.00195,0.86522,,
2.16962,"5,753.22",0.01732,642.45905,0.00195,0.86611,,
2.17181,"5,760.02",0.01735,643.21802,0.00195,0.86748,,
2.17344,"5,758.64",0.01737,643.06451,0.00195,0.8685,,
2.17481,"5,755.79",0.01739,642.74615,0.00195,0.86936,,
2.17662,"5,755.53",0.01741,642.71661,0.00195,0.87049,,
2.17856,"5,759.36",0.01743,643.14514,0.00195,0.8717,,
2.18,"5,757.75",0.01745,642.96472,0.00195,0.8726,,
2.18131,"5,752.92",0.01747,642.42554,0.00195,0.87342,,
2.18344,"5,758.23",0.01749,643.01843,0.00195,0.87475,,
2.18512,"5,757.54",0.01752,642.94128,0.00195,0.8758,,
2.1865,"5,755.61",0.01753,642.72583,0.00195,0.87666,,
2.18819,"5,754.08",0.01755,642.55487,0.00195,0.87772,,
2.19031,"5,759.37",0.01758,643.14545,0.00195,0.87904,,
2.19175,"5,757.21",0.0176,642.90491,0.00195,0.87994,,
2.19294,"5,751.56",0.01761,642.27362,0.00195,0.88068,,
2.19512,"5,755.96",0.01764,642.76514,0.00195,0.88205,,
2.19675,"5,756.34",0.01766,642.80707,0.00195,0.88307,,
2.19819,"5,754.80",0.01768,642.63562,0.00195,0.88397,,
2.19981,"5,753.05",0.0177,642.44,0.00195,0.88498,,
2.202,"5,757.88",0.01773,642.97974,0.00195,0.88635,,
2.2035,"5,756.60",0.01775,642.83661,0.00195,0.88729,,
2.20462,"5,750.99",0.01776,642.20978,0.00195,0.88799,,
2.20669,"5,753.86",0.01779,642.53003,0.00195,0.88928,,
2.2085,"5,756.34",0.01781,642.80743,0.00195,0.89041,,
2.20987,"5,754.54",0.01783,642.60583,0.00195,0.89127,,
2.21137,"5,751.98",0.01784,642.32068,0.00196,0.89221,,
2.21356,"5,756.80",0.01787,642.85913,0.00195,0.89357,,
2.21519,"5,756.68",0.01789,642.84583,0.00196,0.89459,,
2.21631,"5,752.06",0.01791,642.32996,0.00196,0.89529,,
2.21831,"5,752.97",0.01793,642.43115,0.00196,0.89654,,
2.22012,"5,756.35",0.01795,642.80865,0.00196,0.89768,,
2.22162,"5,755.39",0.01797,642.70123,0.00196,0.89861,,
2.223,"5,751.42",0.01799,642.25757,0.00196,0.89947,,
2.22525,"5,756.14",0.01802,642.78522,0.00196,0.90088,,
2.22694,"5,757.42",0.01804,642.92798,0.00196,0.90193,,
2.22806,"5,752.85",0.01805,642.41779,0.00196,0.90264,,
2.22987,"5,752.20",0.01808,642.34479,0.00196,0.90377,,
2.23169,"5,756.43",0.0181,642.8172,0.00195,0.9049,,
2.23337,"5,755.55",0.01812,642.71906,0.00196,0.90596,,
2.23469,"5,752.71",0.01814,642.40234,0.00196,0.90678,,
2.23687,"5,756.45",0.01816,642.82019,0.00196,0.90815,,
2.23862,"5,758.13",0.01818,643.00671,0.00196,0.90924,,
2.23981,"5,754.50",0.0182,642.60211,0.00196,0.90998,,
2.24137,"5,751.52",0.01822,642.26959,0.00196,0.91096,,
2.2435,"5,757.84",0.01825,642.97516,0.00196,0.91229,,
2.24506,"5,756.27",0.01827,642.79913,0.00196,0.91326,,
2.24637,"5,753.66",0.01828,642.50836,0.00196,0.91408,,
2.24837,"5,756.13",0.01831,642.78339,0.00196,0.91533,,
2.25025,"5,759.49",0.01833,643.15948,0.00196,0.9165,,
2.25162,"5,756.79",0.01835,642.8576,0.00196,0.91736,,
2.25294,"5,752.01",0.01836,642.32385,0.00196,0.91818,,
2.25519,"5,759.54",0.01839,643.16455,0.00196,0.91959,,
2.25675,"5,757.27",0.01841,642.91113,0.00196,0.92057,,
2.258,"5,755.12",0.01843,642.67145,0.00196,0.92135,,
2.26,"5,756.46",0.01845,642.82123,0.00196,0.9226,,
2.26194,"5,760.22",0.01848,643.24017,0.00196,0.92381,,
2.26337,"5,758.96",0.01849,643.10046,0.00196,0.92471,,
2.26462,"5,753.21",0.01851,642.4574,0.00196,0.92549,,
2.26681,"5,758.73",0.01854,643.07428,0.00196,0.92686,,
2.26837,"5,757.69",0.01856,642.95825,0.00196,0.92783,,
2.26975,"5,756.66",0.01857,642.84308,0.00196,0.92869,,
2.27162,"5,756.97",0.0186,642.87744,0.00196,0.92986,,
2.27362,"5,761.30",0.01862,643.36108,0.00196,0.93111,,
2.27512,"5,759.77",0.01864,643.19086,0.00196,0.93205,,
2.27625,"5,754.01",0.01866,642.54761,0.00196,0.93275,,
2.2785,"5,759.62",0.01868,643.17383,0.00196,0.93416,,
2.28006,"5,759.04",0.0187,643.10925,0.00196,0.93514,,
2.2815,"5,758.61",0.01872,643.06036,0.00196,0.93604,,
2.28319,"5,756.58",0.01874,642.83362,0.00196,0.93709,,
2.28525,"5,761.76",0.01877,643.41235,0.00196,0.93838,,
2.28687,"5,760.70",0.01879,643.29443,0.00196,0.9394,,
2.28794,"5,755.26",0.0188,642.68634,0.00196,0.94006,,
2.29019,"5,759.49",0.01883,643.159,0.00196,0.94147,,
2.29175,"5,759.95",0.01885,643.21088,0.00196,0.94244,,
2.29319,"5,758.42",0.01887,643.03931,0.00196,0.94334,,
2.29475,"5,756.98",0.01889,642.87939,0.00196,0.94432,,
2.29694,"5,762.13",0.01891,643.45441,0.00196,0.94568,,
2.29862,"5,762.46",0.01893,643.49023,0.00196,0.94674,,
2.29962,"5,756.59",0.01895,642.83508,0.00196,0.94736,,
2.30169,"5,758.04",0.01897,642.99713,0.00196,0.94865,,
2.30337,"5,760.95",0.01899,643.32208,0.00196,0.94971,,
2.305,"5,760.21",0.01901,643.24005,0.00196,0.95072,,
2.30637,"5,757.22",0.01903,642.90533,0.00196,0.95158,,
2.30856,"5,761.38",0.01906,643.36987,0.00196,0.95295,,
2.31025,"5,761.63",0.01908,643.39795,0.00196,0.954,,
2.31137,"5,757.77",0.01909,642.96747,0.00196,0.95471,,
2.31325,"5,757.63",0.01912,642.95166,0.00196,0.95588,,
2.31519,"5,762.53",0.01914,643.49829,0.00196,0.95709,,
2.31669,"5,760.26",0.01916,643.24548,0.00196,0.95803,,
2.318,"5,757.36",0.01918,642.92145,0.00196,0.95885,,
2.32012,"5,760.35",0.0192,643.25519,0.00196,0.96018,,
2.32194,"5,762.21",0.01923,643.46271,0.00196,0.96131,,
2.32312,"5,759.21",0.01924,643.12805,0.00196,0.96205,,
2.32487,"5,757.17",0.01926,642.90057,0.00196,0.96315,,
2.32687,"5,762.88",0.01929,643.53778,0.00196,0.9644,,
2.32837,"5,760.49",0.01931,643.27118,0.00196,0.96533,,
2.32969,"5,757.04",0.01932,642.88562,0.00196,0.96615,,
2.33169,"5,759.45",0.01935,643.15479,0.00196,0.9674,,
2.33369,"5,762.80",0.01937,643.52838,0.00196,0.96865,,
2.33487,"5,759.58",0.01939,643.16919,0.00196,0.9694,,
2.33644,"5,755.72",0.01941,642.7381,0.00196,0.97037,,
2.33844,"5,761.47",0.01943,643.38074,0.00196,0.97162,,
2.34006,"5,759.89",0.01945,643.20349,0.00196,0.97264,,
2.34137,"5,757.70",0.01947,642.95941,0.00196,0.97346,,
2.34331,"5,758.28",0.01949,643.02405,0.00196,0.97467,,
2.34525,"5,762.02",0.01952,643.44196,0.00197,0.97588,,
2.34662,"5,759.55",0.01953,643.1662,0.00197,0.97674,,
2.34787,"5,754.35",0.01955,642.58557,0.00196,0.97752,,
2.35019,"5,761.40",0.01958,643.3728,0.00196,0.97897,,
2.35181,"5,759.87",0.0196,643.20135,0.00196,0.97998,,
2.35306,"5,757.04",0.01962,642.88574,0.00197,0.98076,,
2.35487,"5,756.67",0.01964,642.84418,0.00197,0.9819,,
2.35681,"5,760.73",0.01966,643.29712,0.00197,0.98311,,
2.35844,"5,760.31",0.01968,643.25079,0.00197,0.98412,,
2.35962,"5,754.55",0.0197,642.60791,0.00196,0.98486,,
2.36187,"5,759.82",0.01973,643.19586,0.00197,0.98627,,
2.36344,"5,759.08",0.01974,643.11353,0.00197,0.98725,,
2.36481,"5,757.07",0.01976,642.88928,0.00197,0.98811,,
2.36644,"5,755.62",0.01978,642.72668,0.00197,0.98912,,
2.36856,"5,760.78",0.01981,643.30292,0.00197,0.99045,,
2.37019,"5,760.45",0.01983,643.26642,0.00197,0.99147,,
2.37131,"5,754.21",0.01984,642.56903,0.00197,0.99217,,
2.37344,"5,757.88",0.01987,642.97986,0.00197,0.9935,,
2.37512,"5,759.10",0.01989,643.1156,0.00197,0.99455,,
2.37656,"5,758.06",0.01991,642.99933,0.00197,0.99545,,
2.37806,"5,755.11",0.01993,642.66962,0.00196,0.99639,,
2.38019,"5,759.93",0.01995,643.20844,0.00196,0.99772,,
2.38187,"5,760.40",0.01998,643.26056,0.00196,0.99877,,
2.38294,"5,754.65",0.01999,642.61829,0.00196,0.99943,,
2.385,"5,756.62",0.02001,642.8382,0.00196,1.00072,,
2.38681,"5,759.99",0.02004,643.2149,0.00197,1.00186,,
2.38837,"5,758.34",0.02006,643.03094,0.00197,1.00283,,
2.38969,"5,754.92",0.02007,642.64899,0.00197,1.00365,,
2.39175,"5,758.72",0.0201,643.07275,0.00197,1.00494,,
2.39362,"5,760.68",0.02012,643.29175,0.00197,1.00611,,
2.39469,"5,755.77",0.02014,642.74371,0.00196,1.00678,,
2.39662,"5,755.57",0.02016,642.72101,0.00196,1.00799,,
2.39844,"5,759.14",0.02018,643.12054,0.00196,1.00912,,
2.4,"5,758.31",0.0202,643.02759,0.00196,1.0101,,
2.40131,"5,754.97",0.02022,642.65405,0.00196,1.01092,,
2.4035,"5,758.54",0.02025,643.05298,0.00196,1.01229,,
2.40537,"5,760.22",0.02027,643.24109,0.00196,1.01346,,
2.40644,"5,756.40",0.02028,642.81378,0.00196,1.01412,,
2.40812,"5,754.32",0.0203,642.58167,0.00196,1.01518,,
2.41012,"5,759.42",0.02033,643.15112,0.00196,1.01643,,
2.41175,"5,758.62",0.02035,643.06213,0.00196,1.01744,,
2.41306,"5,755.15",0.02037,642.67493,0.00196,1.01826,,
2.41512,"5,757.94",0.02039,642.98645,0.00196,1.01955,,
2.41694,"5,760.29",0.02041,643.24902,0.00197,1.02068,,
2.41819,"5,757.05",0.02043,642.88617,0.00197,1.02147,,
2.41962,"5,753.03",0.02045,642.43762,0.00197,1.02236,,
2.42181,"5,759.88",0.02047,643.20319,0.00197,1.02373,,
2.42344,"5,758.33",0.02049,643.02936,0.00197,1.02475,,
2.42481,"5,756.36",0.02051,642.81006,0.00197,1.02561,,
2.42662,"5,756.17",0.02053,642.78851,0.00197,1.02674,,
2.42856,"5,759.90",0.02056,643.20508,0.00196,1.02795,,
2.43,"5,758.81",0.02058,643.08362,0.00197,1.02885,,
2.43131,"5,754.21",0.02059,642.57001,0.00197,1.02967,,
2.43344,"5,759.56",0.02062,643.16681,0.00196,1.031,,
2.43506,"5,759.23",0.02064,643.13049,0.00196,1.03201,,
2.4365,"5,757.43",0.02066,642.92871,0.00196,1.03291,,
2.43819,"5,756.41",0.02068,642.81482,0.00196,1.03397,,
2.44031,"5,761.64",0.02071,643.39893,0.00196,1.03529,,
2.44175,"5,759.21",0.02072,643.12842,0.00197,1.03619,,
2.44294,"5,754.19",0.02074,642.56738,0.00197,1.03693,,
2.44506,"5,758.45",0.02077,643.04309,0.00197,1.03826,,
2.44675,"5,759.31",0.02079,643.1394,0.00197,1.03932,,
2.44819,"5,757.87",0.0208,642.97821,0.00197,1.04022,,
2.44981,"5,755.88",0.02082,642.75562,0.00197,1.04123,,
2.452,"5,761.87",0.02085,643.4245,0.00197,1.0426,,
2.4535,"5,759.86",0.02087,643.20093,0.00197,1.04354,,
2.45462,"5,754.55",0.02088,642.60706,0.00197,1.04424,,
2.45669,"5,757.55",0.02091,642.94287,0.00197,1.04553,,
2.4585,"5,759.70",0.02093,643.18243,0.00197,1.04666,,
2.45987,"5,758.18",0.02095,643.013,0.00197,1.04752,,
2.46137,"5,755.69",0.02097,642.73492,0.00197,1.04846,,
2.46356,"5,760.44",0.021,643.26495,0.00197,1.04982,,
2.46525,"5,760.55",0.02102,643.27783,0.00197,1.05088,,
2.46637,"5,755.97",0.02103,642.76642,0.00197,1.05158,,
2.46831,"5,757.14",0.02106,642.8963,0.00197,1.05279,,
2.47012,"5,760.58",0.02108,643.28101,0.00197,1.05393,,
2.47162,"5,758.78",0.0211,643.07977,0.00197,1.05486,,
2.473,"5,756.01",0.02111,642.77081,0.00197,1.05572,,
2.47525,"5,761.05",0.02114,643.33337,0.00197,1.05713,,
2.477,"5,761.88",0.02116,643.42615,0.00197,1.05822,,
2.47806,"5,756.68",0.02118,642.8457,0.00197,1.05889,,
2.47981,"5,755.85",0.0212,642.75214,0.00197,1.05998,,
2.48175,"5,760.26",0.02122,643.24463,0.00197,1.06119,,
2.48337,"5,759.52",0.02124,643.1629,0.00197,1.06221,,
2.48469,"5,756.73",0.02126,642.85144,0.00197,1.06303,,
2.48687,"5,760.61",0.02129,643.28467,0.00197,1.0644,,
2.48862,"5,761.78",0.02131,643.41449,0.00197,1.06549,,
2.48981,"5,758.55",0.02132,643.05396,0.00197,1.06623,,
2.49137,"5,755.10",0.02134,642.66876,0.00197,1.06721,,
2.4935,"5,762.29",0.02137,643.4718,0.00197,1.06854,,
2.49506,"5,760.44",0.02139,643.26483,0.00197,1.06951,,
2.49637,"5,757.28",0.02141,642.9126,0.00197,1.07033,,
2.49837,"5,759.63",0.02143,643.17426,0.00197,1.07158,,
2.50025,"5,762.83",0.02146,643.53192,0.00197,1.07275,,
2.50162,"5,760.48",0.02147,643.26996,0.00197,1.07361,,
2.50294,"5,755.22",0.02149,642.68256,0.00197,1.07443,,
2.50519,"5,762.95",0.02152,643.54529,0.00197,1.07584,,
2.50669,"5,760.63",0.02154,643.28613,0.00197,1.07678,,
2.50806,"5,758.06",0.02155,642.99976,0.00197,1.07764,,
2.51,"5,759.07",0.02158,643.11273,0.00197,1.07885,,
2.51194,"5,763.15",0.0216,643.5675,0.00197,1.08006,,
2.51344,"5,761.90",0.02162,643.42859,0.00197,1.081,,
2.51462,"5,756.18",0.02163,642.78979,0.00197,1.08174,,
2.51681,"5,761.37",0.02166,643.36884,0.00197,1.08311,,
2.51837,"5,761.13",0.02168,643.34271,0.00197,1.08408,,
2.51975,"5,759.29",0.0217,643.13623,0.00197,1.08494,,
2.52162,"5,759.35",0.02172,643.14343,0.00197,1.08611,,
2.52362,"5,763.69",0.02175,643.62866,0.00197,1.08736,,
2.52512,"5,762.26",0.02177,643.46893,0.00197,1.0883,,
2.52619,"5,756.09",0.02178,642.77997,0.00197,1.08897,,
2.5285,"5,761.39",0.02181,643.37177,0.00197,1.09041,,
2.53006,"5,761.47",0.02183,643.38074,0.00197,1.09139,,
2.5315,"5,760.00",0.02185,643.21558,0.00197,1.09229,,
2.53312,"5,757.88",0.02187,642.97955,0.00197,1.0933,,
2.53525,"5,763.15",0.02189,643.56775,0.00197,1.09463,,
2.53687,"5,762.25",0.02191,643.46692,0.00197,1.09565,,
2.53794,"5,757.21",0.02193,642.90509,0.00197,1.09631,,
2.54019,"5,760.44",0.02195,643.26544,0.00198,1.09772,,
2.54175,"5,760.93",0.02197,643.32025,0.00198,1.09869,,
2.54319,"5,759.11",0.02199,643.11633,0.00197,1.09959,,
2.54475,"5,757.46",0.02201,642.93286,0.00197,1.10057,,
2.54694,"5,762.38",0.02204,643.48206,0.00197,1.10193,,
2.54862,"5,762.35",0.02206,643.47827,0.00197,1.10299,,
2.54962,"5,756.57",0.02207,642.83356,0.00197,1.10361,,
2.55169,"5,757.75",0.0221,642.96436,0.00198,1.1049,,
2.55337,"5,760.61",0.02212,643.28406,0.00198,1.10596,,
2.555,"5,759.80",0.02214,643.19415,0.00197,1.10697,,
2.55644,"5,757.36",0.02216,642.9209,0.00197,1.10787,,
2.55856,"5,760.93",0.02218,643.32013,0.00197,1.1092,,
2.56025,"5,760.79",0.02221,643.30426,0.00197,1.11025,,
2.56137,"5,757.23",0.02222,642.90717,0.00197,1.11096,,
2.56325,"5,756.87",0.02224,642.86688,0.00197,1.11213,,
2.56519,"5,761.53",0.02227,643.38672,0.00197,1.11334,,
2.56669,"5,759.35",0.02229,643.14313,0.00197,1.11428,,
2.568,"5,756.36",0.0223,642.81006,0.00197,1.1151,,
2.57006,"5,759.15",0.02233,643.12115,0.00197,1.11639,,
2.57187,"5,761.06",0.02235,643.33502,0.00197,1.11752,,
2.57306,"5,757.85",0.02237,642.97589,0.00197,1.11826,,
2.57487,"5,755.76",0.02239,642.74231,0.00197,1.1194,,
2.57687,"5,761.73",0.02241,643.40973,0.00197,1.12064,,
2.57837,"5,759.03",0.02243,643.10791,0.00197,1.12158,,
2.57969,"5,756.05",0.02245,642.77551,0.00197,1.1224,,
2.58169,"5,758.35",0.02247,643.03223,0.00197,1.12365,,
2.58362,"5,761.81",0.0225,643.41864,0.00197,1.12486,,
2.58487,"5,758.59",0.02251,643.05902,0.00197,1.12565,,
2.58637,"5,754.54",0.02253,642.60596,0.00197,1.12658,,
2.5885,"5,760.69",0.02256,643.29266,0.00197,1.12791,,
2.59006,"5,759.07",0.02258,643.11261,0.00197,1.12889,,
2.59137,"5,757.02",0.02259,642.88373,0.00197,1.12971,,
2.59337,"5,757.57",0.02262,642.94434,0.00197,1.13096,,
2.59525,"5,761.00",0.02264,643.32727,0.00197,1.13213,,
2.59662,"5,758.52",0.02266,643.0506,0.00197,1.13299,,
2.59794,"5,753.17",0.02268,642.45374,0.00197,1.13381,,
2.60025,"5,760.53",0.02271,643.27502,0.00197,1.13525,,
2.60181,"5,759.21",0.02272,643.12787,0.00197,1.13623,,
2.60306,"5,755.87",0.02274,642.75433,0.00197,1.13701,,
2.60487,"5,755.75",0.02276,642.74164,0.00197,1.13815,,
2.60681,"5,759.86",0.02279,643.2002,0.00197,1.13936,,
2.60844,"5,759.39",0.02281,643.14783,0.00197,1.14037,,
2.60962,"5,753.97",0.02282,642.54315,0.00197,1.14111,,
2.61187,"5,759.38",0.02285,643.14648,0.00197,1.14252,,
2.61344,"5,758.65",0.02287,643.06525,0.00197,1.1435,,
2.61481,"5,756.39",0.02289,642.81317,0.00197,1.14436,,
2.61637,"5,754.89",0.02291,642.64587,0.00197,1.14533,,
2.61856,"5,759.99",0.02293,643.21527,0.00197,1.1467,,
2.62019,"5,759.90",0.02295,643.2049,0.00197,1.14772,,
2.62131,"5,754.27",0.02297,642.57611,0.00197,1.14842,,
2.62344,"5,757.68",0.02299,642.95728,0.00197,1.14975,,
2.62512,"5,758.69",0.02302,643.07031,0.00197,1.1508,,
2.62656,"5,757.75",0.02303,642.9649,0.00197,1.1517,,
2.62806,"5,755.08",0.02305,642.66638,0.00197,1.15264,,
2.63012,"5,759.52",0.02308,643.16296,0.00198,1.15393,,
2.63187,"5,760.15",0.0231,643.2326,0.00197,1.15502,,
2.63294,"5,754.16",0.02311,642.56384,0.00197,1.15568,,
2.63506,"5,756.34",0.02314,642.80701,0.00197,1.15701,,
2.63681,"5,759.55",0.02316,643.16583,0.00197,1.15811,,
2.63837,"5,758.10",0.02318,643.00385,0.00197,1.15908,,
2.63969,"5,754.67",0.0232,642.62091,0.00197,1.1599,,
2.64181,"5,758.68",0.02322,643.06879,0.00197,1.16123,,
2.64362,"5,760.01",0.02325,643.21747,0.00197,1.16236,,
2.64475,"5,755.64",0.02326,642.72937,0.00197,1.16307,,
2.64662,"5,755.36",0.02328,642.69806,0.00197,1.16424,,
2.64844,"5,759.38",0.02331,643.14697,0.00197,1.16537,,
2.65,"5,758.10",0.02333,643.00446,0.00197,1.16635,,
2.65131,"5,754.61",0.02334,642.6142,0.00198,1.16717,,
2.6535,"5,758.32",0.02337,643.02838,0.00198,1.16854,,
2.65537,"5,760.38",0.02339,643.25861,0.00198,1.16971,,
2.65644,"5,756.62",0.02341,642.8385,0.00198,1.17037,,
2.65812,"5,754.32",0.02343,642.58154,0.00198,1.17143,,
2.66012,"5,759.77",0.02345,643.18994,0.00197,1.17268,,
2.66175,"5,758.83",0.02347,643.08514,0.00197,1.17369,,
2.66306,"5,755.95",0.02349,642.7641,0.00198,1.17451,,
2.66512,"5,758.24",0.02352,643.01996,0.00198,1.1758,,
2.66694,"5,759.92",0.02354,643.20721,0.00198,1.17693,,
2.66819,"5,757.51",0.02355,642.93805,0.00198,1.17772,,
2.66962,"5,753.99",0.02357,642.54462,0.00198,1.17861,,
2.67181,"5,760.34",0.0236,643.25409,0.00198,1.17998,,
2.67344,"5,759.70",0.02362,643.18304,0.00198,1.181,,
2.67481,"5,756.94",0.02364,642.87476,0.00198,1.18186,,
2.67662,"5,756.71",0.02366,642.84833,0.00198,1.18299,,
2.67856,"5,761.48",0.02368,643.38092,0.00197,1.1842,,
2.68,"5,759.06",0.0237,643.11127,0.00197,1.1851,,
2.68131,"5,754.61",0.02372,642.61462,0.00197,1.18592,,
2.6835,"5,760.50",0.02375,643.27161,0.00198,1.18729,,
2.68506,"5,759.39",0.02377,643.1485,0.00198,1.18826,,
2.6865,"5,757.81",0.02378,642.97113,0.00198,1.18916,,
2.68819,"5,757.01",0.0238,642.88202,0.00198,1.19022,,
2.69031,"5,761.69",0.02383,643.40466,0.00198,1.19154,,
2.69175,"5,759.94",0.02385,643.20929,0.00198,1.19244,,
2.69294,"5,754.38",0.02386,642.58905,0.00198,1.19318,,
2.69506,"5,758.92",0.02389,643.09491,0.00198,1.19451,,
2.69675,"5,759.57",0.02391,643.16833,0.00198,1.19557,,
2.69819,"5,758.53",0.02393,643.05237,0.00198,1.19647,,
2.69981,"5,756.47",0.02395,642.82135,0.00197,1.19748,,
2.70194,"5,761.67",0.02398,643.40302,0.00197,1.19881,,
2.7035,"5,759.88",0.024,643.20227,0.00197,1.19979,,
2.70462,"5,755.28",0.02401,642.68945,0.00197,1.20049,,
2.70669,"5,758.20",0.02404,643.01501,0.00198,1.20178,,
2.7085,"5,760.28",0.02406,643.24683,0.00198,1.20291,,
2.70987,"5,759.01",0.02408,643.10577,0.00198,1.20377,,
2.71137,"5,756.27",0.02409,642.7998,0.00198,1.20471,,
2.71356,"5,760.99",0.02412,643.32697,0.00198,1.20607,,
2.71525,"5,761.23",0.02414,643.35388,0.00198,1.20713,,
2.71637,"5,756.08",0.02416,642.77832,0.00198,1.20783,,
2.71831,"5,756.91",0.02418,642.87146,0.00198,1.20904,,
2.72012,"5,760.57",0.0242,643.28015,0.00198,1.21018,,
2.72162,"5,758.71",0.02422,643.07208,0.00198,1.21111,,
2.723,"5,755.79",0.02424,642.74615,0.00198,1.21197,,
2.72525,"5,760.30",0.02427,643.24976,0.00198,1.21338,,
2.727,"5,761.14",0.02429,643.34357,0.00198,1.21447,,
2.72806,"5,756.43",0.0243,642.81726,0.00198,1.21514,,
2.72987,"5,755.08",0.02433,642.66699,0.00198,1.21627,,
2.73175,"5,759.54",0.02435,643.1651,0.00198,1.21744,,
2.73337,"5,758.77",0.02437,643.07819,0.00198,1.21846,,
2.73469,"5,756.01",0.02439,642.77069,0.00197,1.21928,,
2.73687,"5,759.29",0.02441,643.13727,0.00197,1.22064,,
2.73862,"5,760.43",0.02443,643.26385,0.00198,1.22174,,
2.73981,"5,757.46",0.02445,642.93188,0.00198,1.22248,,
2.74137,"5,754.38",0.02447,642.58795,0.00198,1.22346,,
2.74356,"5,760.36",0.0245,643.25665,0.00198,1.22482,,
2.74506,"5,759.25",0.02452,643.13239,0.00198,1.22576,,
2.74637,"5,755.74",0.02453,642.74042,0.00198,1.22658,,
2.74837,"5,757.82",0.02456,642.97247,0.00198,1.22783,,
2.75025,"5,760.77",0.02458,643.30206,0.00198,1.229,,
2.75162,"5,758.20",0.0246,643.01477,0.00198,1.22986,,
2.75294,"5,753.70",0.02461,642.51251,0.00198,1.23068,,
2.75519,"5,760.54",0.02464,643.27661,0.00198,1.23209,,
2.75669,"5,758.01",0.02466,642.9942,0.00198,1.23303,,
2.758,"5,756.18",0.02468,642.78955,0.00198,1.23385,,
2.76,"5,756.79",0.0247,642.8576,0.00198,1.2351,,
2.76194,"5,761.12",0.02473,643.34143,0.00198,1.23631,,
2.76344,"5,759.31",0.02474,643.13928,0.00198,1.23725,,
2.76462,"5,753.65",0.02476,642.50641,0.00198,1.23799,,
2.76681,"5,758.79",0.02479,643.08069,0.00198,1.23936,,
2.76837,"5,757.96",0.02481,642.98798,0.00198,1.24033,,
2.76975,"5,756.54",0.02482,642.82953,0.00198,1.24119,,
2.77162,"5,756.38",0.02485,642.81128,0.00198,1.24236,,
2.77362,"5,760.84",0.02487,643.31036,0.00198,1.24361,,
2.77512,"5,758.80",0.02489,643.08209,0.00198,1.24455,,
2.77625,"5,753.49",0.02491,642.48907,0.00198,1.24525,,
2.7785,"5,757.85",0.02493,642.97583,0.00198,1.24666,,
2.78006,"5,758.03",0.02495,642.99591,0.00198,1.24764,,
2.7815,"5,757.03",0.02497,642.88452,0.00198,1.24854,,
2.78312,"5,755.38",0.02499,642.70013,0.00198,1.24955,,
2.78525,"5,759.38",0.02502,643.14709,0.00198,1.25088,,
2.78687,"5,758.93",0.02504,643.09613,0.00198,1.2519,,
2.78794,"5,753.67",0.02505,642.50879,0.00198,1.25256,,
2.79019,"5,757.25",0.02508,642.909,0.00198,1.25397,,
2.79175,"5,757.54",0.0251,642.94116,0.00198,1.25494,,
2.79319,"5,756.41",0.02512,642.81567,0.00198,1.25584,,
2.79475,"5,754.55",0.02514,642.60718,0.00198,1.25682,,
2.79694,"5,759.07",0.02516,643.11169,0.00199,1.25818,,
2.79862,"5,759.06",0.02518,643.11151,0.00198,1.25924,,
2.79962,"5,753.63",0.0252,642.50439,0.00198,1.25986,,
2.80169,"5,754.78",0.02522,642.63275,0.00198,1.26115,,
2.80337,"5,758.14",0.02524,643.00873,0.00198,1.26221,,
2.805,"5,757.02",0.02526,642.88324,0.00198,1.26322,,
2.80644,"5,754.32",0.02528,642.5813,0.00198,1.26412,,
2.80856,"5,758.02",0.02531,642.99451,0.00198,1.26545,,
2.81025,"5,758.12",0.02533,643.00641,0.00198,1.2665,,
2.81137,"5,753.70",0.02534,642.51245,0.00198,1.26721,,
2.81331,"5,753.93",0.02537,642.53778,0.00198,1.26842,,
2.81519,"5,758.29",0.02539,643.02472,0.00198,1.26959,,
2.81669,"5,756.07",0.02541,642.77759,0.00198,1.27053,,
2.81806,"5,753.19",0.02543,642.45593,0.00198,1.27139,,
2.82012,"5,755.73",0.02545,642.73895,0.00198,1.27268,,
2.82194,"5,757.60",0.02548,642.94812,0.00198,1.27381,,
2.82312,"5,754.50",0.02549,642.60248,0.00198,1.27455,,
2.82487,"5,752.46",0.02551,642.37408,0.00198,1.27565,,
2.82687,"5,757.82",0.02554,642.9726,0.00198,1.2769,,
2.82837,"5,755.60",0.02556,642.72449,0.00198,1.27783,,
2.82969,"5,752.65",0.02557,642.3949,0.00198,1.27865,,
2.83169,"5,754.67",0.0256,642.62036,0.00198,1.2799,,
2.83369,"5,758.09",0.02562,643.00275,0.00198,1.28115,,
2.83487,"5,755.01",0.02564,642.65857,0.00198,1.2819,,
2.83637,"5,751.01",0.02566,642.21234,0.00198,1.28283,,
2.83844,"5,756.97",0.02568,642.87775,0.00198,1.28412,,
2.84006,"5,755.21",0.0257,642.68103,0.00198,1.28514,,
2.84137,"5,753.24",0.02572,642.46082,0.00198,1.28596,,
2.84331,"5,754.01",0.02574,642.54773,0.00198,1.28717,,
2.84525,"5,757.06",0.02577,642.88763,0.00198,1.28838,,
2.84662,"5,755.85",0.02578,642.75305,0.00198,1.28924,,
2.84787,"5,750.21",0.0258,642.12274,0.00198,1.29002,,
2.85025,"5,756.88",0.02583,642.86823,0.00198,1.2915,,
2.85181,"5,755.27",0.02585,642.68762,0.00198,1.29248,,
2.85306,"5,752.40",0.02587,642.36694,0.00198,1.29326,,
2.85487,"5,752.26",0.02589,642.35223,0.00198,1.29439,,
2.85681,"5,756.30",0.02591,642.80261,0.00198,1.29561,,
2.85844,"5,756.16",0.02593,642.78699,0.00198,1.29662,,
2.85962,"5,750.28",0.02595,642.13092,0.00198,1.29736,,
2.86187,"5,755.67",0.02598,642.7323,0.00198,1.29877,,
2.86344,"5,754.68",0.02599,642.62183,0.00198,1.29975,,
2.86481,"5,752.45",0.02601,642.37305,0.00198,1.30061,,
2.86644,"5,750.49",0.02603,642.15405,0.00198,1.30162,,
2.86856,"5,756.44",0.02606,642.81866,0.00198,1.30295,,
2.87019,"5,755.74",0.02608,642.74066,0.00199,1.30397,,
2.87131,"5,749.42",0.02609,642.03442,0.00199,1.30467,,
2.87344,"5,753.36",0.02612,642.47491,0.00198,1.306,,
2.87512,"5,754.19",0.02614,642.56683,0.00198,1.30705,,
2.87656,"5,753.18",0.02616,642.45453,0.00198,1.30795,,
2.87806,"5,750.46",0.02618,642.15051,0.00198,1.30889,,
2.88019,"5,754.91",0.0262,642.64789,0.00198,1.31022,,
2.88187,"5,755.62",0.02623,642.72705,0.00198,1.31127,,
2.88294,"5,749.89",0.02624,642.08759,0.00198,1.31193,,
2.885,"5,751.63",0.02626,642.28113,0.00199,1.31322,,
2.88681,"5,754.50",0.02629,642.60175,0.00199,1.31436,,
2.88831,"5,753.22",0.02631,642.45941,0.00198,1.31529,,
2.88969,"5,750.01",0.02632,642.10083,0.00198,1.31615,,
2.89175,"5,753.52",0.02635,642.49268,0.00198,1.31744,,
2.89362,"5,755.21",0.02637,642.6817,0.00198,1.31861,,
2.89475,"5,750.01",0.02639,642.10046,0.00198,1.31932,,
2.89662,"5,750.29",0.02641,642.13208,0.00198,1.32049,,
2.89844,"5,753.64",0.02643,642.50592,0.00198,1.32162,,
2.90006,"5,752.27",0.02645,642.35303,0.00198,1.32264,,
2.90137,"5,749.14",0.02647,642.00323,0.00198,1.32346,,
2.9035,"5,752.68",0.0265,642.39893,0.00198,1.32479,,
2.90537,"5,754.24",0.02652,642.57263,0.00198,1.32596,,
2.90644,"5,750.00",0.02653,642.09985,0.00198,1.32662,,
2.90812,"5,748.08",0.02655,641.88513,0.00198,1.32768,,
2.91012,"5,752.95",0.02658,642.42926,0.00199,1.32893,,
2.91175,"5,751.54",0.0266,642.27124,0.00199,1.32994,,
2.91306,"5,748.65",0.02662,641.94897,0.00199,1.33076,,
2.91512,"5,750.52",0.02664,642.15692,0.00199,1.33205,,
2.91694,"5,752.95",0.02666,642.42932,0.00199,1.33318,,
2.91819,"5,750.17",0.02668,642.11804,0.00199,1.33397,,
2.91962,"5,746.41",0.0267,641.698,0.00199,1.33486,,
2.92181,"5,752.85",0.02672,642.41754,0.00198,1.33623,,
2.92344,"5,751.54",0.02674,642.27167,0.00198,1.33725,,
2.92481,"5,749.19",0.02676,642.00867,0.00198,1.33811,,
2.92662,"5,748.84",0.02678,641.96942,0.00199,1.33924,,
2.92856,"5,752.22",0.02681,642.34723,0.00199,1.34045,,
2.93,"5,750.98",0.02683,642.20886,0.00199,1.34135,,
2.93131,"5,746.08",0.02684,641.66168,0.00199,1.34217,,
2.93344,"5,751.24",0.02687,642.23761,0.00199,1.3435,,
2.93506,"5,750.23",0.02689,642.12512,0.00199,1.34451,,
2.9365,"5,748.46",0.02691,641.92688,0.00199,1.34541,,
2.93819,"5,747.12",0.02693,641.77808,0.00199,1.34647,,
2.94031,"5,752.10",0.02696,642.3335,0.00199,1.34779,,
2.94175,"5,750.09",0.02697,642.10962,0.00199,1.34869,,
2.94294,"5,744.83",0.02699,641.52179,0.00199,1.34943,,
2.94519,"5,749.35",0.02702,642.02625,0.00199,1.35084,,
2.94681,"5,749.68",0.02704,642.06354,0.00198,1.35186,,
2.94825,"5,747.42",0.02706,641.81171,0.00198,1.35275,,
2.94994,"5,746.32",0.02708,641.68848,0.00199,1.35381,,
2.95206,"5,751.60",0.0271,642.27844,0.00198,1.35514,,
2.95356,"5,749.49",0.02712,642.04199,0.00199,1.35607,,
2.95469,"5,743.78",0.02714,641.40448,0.00199,1.35678,,
2.95681,"5,747.14",0.02716,641.7796,0.00199,1.35811,,
2.95856,"5,749.21",0.02718,642.01062,0.00199,1.3592,,
2.95994,"5,747.04",0.0272,641.76862,0.00199,1.36006,,
2.9615,"5,745.26",0.02722,641.56958,0.00199,1.36104,,
2.96369,"5,749.53",0.02725,642.04718,0.00199,1.3624,,
2.96531,"5,748.50",0.02727,641.9314,0.00199,1.36342,,
2.96644,"5,744.08",0.02728,641.43774,0.00199,1.36412,,
2.96844,"5,745.35",0.02731,641.57965,0.00199,1.36537,,
2.97025,"5,747.97",0.02733,641.87231,0.00199,1.3665,,
2.97169,"5,746.37",0.02735,641.6944,0.00199,1.3674,,
2.97312,"5,742.98",0.02737,641.31512,0.00199,1.3683,,
2.97537,"5,747.79",0.02739,641.85291,0.00198,1.36971,,
2.97706,"5,748.53",0.02742,641.93567,0.00199,1.37076,,
2.97812,"5,743.32",0.02743,641.35315,0.00199,1.37143,,
2.98,"5,743.13",0.02745,641.33167,0.00199,1.3726,,
2.98181,"5,746.32",0.02747,641.68835,0.00198,1.37373,,
2.98344,"5,745.77",0.02749,641.62714,0.00198,1.37475,,
2.98481,"5,742.39",0.02751,641.24957,0.00199,1.37561,,
2.987,"5,746.17",0.02754,641.67157,0.00199,1.37697,,
2.98875,"5,746.59",0.02756,641.71893,0.00199,1.37807,,
2.98987,"5,743.14",0.02758,641.3338,0.00198,1.37877,,
2.99156,"5,740.48",0.0276,641.03662,0.00199,1.37982,,
2.99362,"5,746.07",0.02762,641.66028,0.00199,1.38111,,
2.99512,"5,744.33",0.02764,641.46576,0.00198,1.38205,,
2.9965,"5,741.41",0.02766,641.14044,0.00199,1.38291,,
2.9985,"5,743.24",0.02768,641.34442,0.00199,1.38416,,
3.00037,"5,745.26",0.02771,641.56964,0.00199,1.38533,,
3.00169,"5,742.73",0.02772,641.28748,0.00198,1.38615,,
3.00306,"5,737.92",0.02774,640.75006,0.00199,1.38701,,
3.00531,"5,744.98",0.02777,641.53918,0.00199,1.38842,,
3.00681,"5,742.41",0.02779,641.25165,0.00199,1.38936,,
3.00812,"5,739.74",0.0278,640.95416,0.00199,1.39018,,
3.01012,"5,740.76",0.02783,641.06732,0.00199,1.39143,,
3.01206,"5,744.52",0.02785,641.48712,0.00199,1.39264,,
3.01344,"5,742.34",0.02787,641.24451,0.00199,1.3935,,
3.01475,"5,737.10",0.02789,640.65851,0.00199,1.39432,,
3.01687,"5,742.41",0.02791,641.2522,0.00199,1.39565,,
3.01844,"5,740.53",0.02793,641.04205,0.00199,1.39662,,
3.01987,"5,738.89",0.02795,640.85834,0.00199,1.39752,,
3.02175,"5,738.88",0.02797,640.85773,0.00199,1.39869,,
3.02369,"5,742.44",0.028,641.25555,0.00199,1.3999,,
3.02519,"5,740.90",0.02802,641.08276,0.00199,1.40084,,
3.02631,"5,735.17",0.02803,640.44275,0.00199,1.40154,,
3.02862,"5,740.50",0.02806,641.03821,0.00199,1.40299,,
3.03019,"5,739.47",0.02808,640.9231,0.00199,1.40397,,
3.03156,"5,737.64",0.0281,640.71869,0.00199,1.40482,,
3.03331,"5,735.92",0.02812,640.52759,0.00199,1.40592,,
3.03537,"5,740.62",0.02814,641.05176,0.00199,1.40721,,
3.03694,"5,739.58",0.02816,640.93536,0.00199,1.40818,,
3.03806,"5,733.51",0.02818,640.25806,0.00199,1.40889,,
3.04031,"5,737.98",0.02821,640.75708,0.00199,1.41029,,
3.04181,"5,737.00",0.02822,640.64716,0.00199,1.41123,,
3.04325,"5,735.32",0.02824,640.46008,0.00199,1.41213,,
3.04487,"5,733.63",0.02826,640.27087,0.00199,1.41315,,
3.047,"5,738.10",0.02829,640.77026,0.00199,1.41447,,
3.04869,"5,737.93",0.02831,640.7511,0.00199,1.41553,,
3.04975,"5,732.08",0.02832,640.0979,0.00199,1.41619,,
3.05187,"5,734.11",0.02835,640.32489,0.00199,1.41752,,
3.0535,"5,735.54",0.02837,640.4845,0.00199,1.41854,,
3.05506,"5,734.39",0.02839,640.35577,0.00199,1.41951,,
3.0565,"5,731.20",0.02841,640.00037,0.00199,1.42041,,
3.05869,"5,735.44",0.02844,640.47394,0.00199,1.42178,,
3.06031,"5,734.89",0.02846,640.41211,0.00199,1.42279,,
3.06144,"5,730.01",0.02847,639.86707,0.00199,1.4235,,
3.06344,"5,730.63",0.02849,639.9361,0.00199,1.42475,,
3.06525,"5,733.85",0.02852,640.29553,0.00199,1.42588,,
3.06675,"5,731.92",0.02854,640.08032,0.00199,1.42682,,
3.06812,"5,728.63",0.02855,639.71356,0.00199,1.42768,,
3.07025,"5,731.56",0.02858,640.04028,0.00199,1.429,,
3.07206,"5,732.99",0.0286,640.20013,0.00198,1.43014,,
3.07319,"5,728.98",0.02862,639.75177,0.00199,1.43084,,
3.07506,"5,727.74",0.02864,639.61414,0.00199,1.43201,,
3.07694,"5,732.07",0.02866,640.09741,0.00199,1.43318,,
3.07844,"5,729.62",0.02868,639.82324,0.00199,1.43412,,
3.07975,"5,726.31",0.0287,639.45441,0.00199,1.43494,,
3.08181,"5,728.60",0.02872,639.70917,0.00199,1.43623,,
3.08375,"5,730.95",0.02875,639.97211,0.00199,1.43744,,
3.08494,"5,726.87",0.02876,639.5163,0.00199,1.43818,,
3.08656,"5,723.85",0.02878,639.17963,0.00199,1.4392,,
3.08856,"5,728.45",0.02881,639.6925,0.00199,1.44045,,
3.09019,"5,727.07",0.02883,639.53906,0.00199,1.44147,,
3.0915,"5,723.41",0.02885,639.12976,0.00199,1.44229,,
3.09344,"5,724.50",0.02887,639.25177,0.00199,1.4435,,
3.09537,"5,727.52",0.02889,639.58948,0.00199,1.44471,,
3.09669,"5,725.09",0.02891,639.31781,0.00199,1.44553,,
3.09806,"5,719.66",0.02893,638.71106,0.00199,1.44639,,
3.10031,"5,726.07",0.02896,639.42676,0.00199,1.44779,,
3.10187,"5,724.42",0.02898,639.24329,0.00199,1.44877,,
3.10319,"5,720.83",0.02899,638.84235,0.00199,1.44959,,
3.105,"5,720.26",0.02901,638.77832,0.00199,1.45072,,
3.10694,"5,723.96",0.02904,639.19116,0.00199,1.45193,,
3.1085,"5,722.83",0.02906,639.06525,0.00198,1.45291,,
3.10975,"5,717.37",0.02907,638.45581,0.00199,1.45369,,
3.11194,"5,722.10",0.0291,638.98438,0.00199,1.45506,,
3.1135,"5,720.85",0.02912,638.84412,0.00199,1.45604,,
3.11487,"5,717.92",0.02914,638.51758,0.00199,1.4569,,
3.1165,"5,716.44",0.02916,638.35193,0.00199,1.45791,,
3.11862,"5,721.25",0.02918,638.88837,0.00199,1.45924,,
3.12025,"5,720.62",0.02921,638.81824,0.00199,1.46025,,
3.12144,"5,713.98",0.02922,638.07654,0.00199,1.461,,
3.12356,"5,717.45",0.02925,638.46442,0.00199,1.46232,,
3.12519,"5,717.82",0.02927,638.50555,0.00199,1.46334,,
3.12669,"5,716.00",0.02929,638.30286,0.00199,1.46428,,
3.12819,"5,712.79",0.0293,637.94464,0.00199,1.46522,,
3.13025,"5,716.98",0.02933,638.41193,0.00199,1.4665,,
3.132,"5,717.07",0.02935,638.42212,0.00199,1.4676,,
3.133,"5,710.31",0.02936,637.66724,0.00199,1.46822,,
3.13519,"5,712.79",0.02939,637.94397,0.00199,1.46959,,
3.13687,"5,714.14",0.02941,638.09485,0.00199,1.47065,,
3.13844,"5,712.62",0.02943,637.92493,0.00199,1.47162,,
3.13981,"5,708.82",0.02945,637.50134,0.00199,1.47248,,
3.14187,"5,712.23",0.02948,637.88141,0.00199,1.47377,,
3.14369,"5,713.67",0.0295,638.04248,0.00199,1.4749,,
3.14475,"5,707.73",0.02951,637.37891,0.00199,1.47557,,
3.14675,"5,707.53",0.02954,637.3573,0.00199,1.47682,,
3.1485,"5,710.10",0.02956,637.64374,0.00199,1.47791,,
3.15012,"5,708.67",0.02958,637.48438,0.00199,1.47893,,
3.15144,"5,705.12",0.02959,637.08716,0.00199,1.47975,,
3.15356,"5,708.39",0.02962,637.45258,0.00199,1.48107,,
3.15544,"5,709.35",0.02964,637.56,0.00199,1.48225,,
3.1565,"5,704.50",0.02966,637.01788,0.00199,1.48291,,
3.15825,"5,702.08",0.02968,636.74817,0.00199,1.484,,
3.16019,"5,705.97",0.0297,637.18243,0.00199,1.48522,,
3.16181,"5,704.37",0.02972,637.00385,0.00199,1.48623,,
3.16312,"5,701.25",0.02974,636.65594,0.00199,1.48705,,
3.16525,"5,702.83",0.02977,636.83252,0.00199,1.48838,,
3.16706,"5,704.48",0.02979,637.01611,0.00199,1.48951,,
3.16825,"5,700.44",0.02981,636.56543,0.00199,1.49025,,
3.16981,"5,696.34",0.02982,636.10699,0.00199,1.49123,,
3.17194,"5,701.90",0.02985,636.72791,0.00199,1.49256,,
3.17356,"5,699.68",0.02987,636.47986,0.00199,1.49357,,
3.17487,"5,696.75",0.02989,636.15253,0.00199,1.4944,,
3.17675,"5,696.30",0.02991,636.10327,0.00199,1.49557,,
3.17869,"5,699.31",0.02994,636.43927,0.002,1.49678,,
3.18006,"5,696.81",0.02995,636.15942,0.002,1.49764,,
3.18144,"5,691.05",0.02997,635.51617,0.002,1.4985,,
3.18356,"5,696.02",0.03,636.07196,0.002,1.49982,,
3.18519,"5,694.92",0.03002,635.94867,0.00199,1.50084,,
3.18656,"5,692.27",0.03003,635.65259,0.00199,1.5017,,
3.18831,"5,690.04",0.03006,635.4032,0.00199,1.50279,,
3.19037,"5,694.61",0.03008,635.9137,0.00199,1.50408,,
3.19181,"5,692.01",0.0301,635.62366,0.00199,1.50498,,
3.19306,"5,685.94",0.03012,634.94641,0.00199,1.50576,,
3.19519,"5,689.65",0.03014,635.3598,0.00199,1.50709,,
3.19681,"5,689.48",0.03016,635.34076,0.00199,1.50811,,
3.19825,"5,686.96",0.03018,635.05994,0.00199,1.509,,
3.19994,"5,684.47",0.0302,634.78156,0.00199,1.51006,,
3.20206,"5,689.34",0.03023,635.32526,0.00199,1.51139,,
3.20356,"5,686.62",0.03025,635.02222,0.002,1.51232,,
3.20469,"5,680.40",0.03026,634.32776,0.002,1.51303,,
3.20681,"5,683.01",0.03029,634.61841,0.00199,1.51436,,
3.20856,"5,683.92",0.03031,634.71979,0.00199,1.51545,,
3.20994,"5,680.65",0.03033,634.35541,0.00199,1.51631,,
3.2115,"5,677.55",0.03035,634.00909,0.002,1.51729,,
3.21369,"5,682.14",0.03037,634.52197,0.002,1.51865,,
3.21531,"5,680.59",0.03039,634.34888,0.002,1.51967,,
3.21644,"5,674.59",0.03041,633.67877,0.002,1.52037,,
3.21844,"5,675.09",0.03043,633.7345,0.002,1.52162,,
3.22019,"5,677.14",0.03045,633.96356,0.002,1.52272,,
3.22169,"5,675.47",0.03047,633.77655,0.002,1.52365,,
3.22312,"5,670.27",0.03049,633.19617,0.002,1.52455,,
3.22537,"5,674.69",0.03052,633.68921,0.002,1.52596,,
3.22706,"5,674.48",0.03054,633.66644,0.002,1.52701,,
3.22812,"5,668.84",0.03055,633.03577,0.002,1.52768,,
3.23,"5,666.69",0.03058,632.79675,0.002,1.52885,,
3.23181,"5,669.58",0.0306,633.11938,0.002,1.52998,,
3.23344,"5,667.98",0.03062,632.94061,0.00199,1.531,,
3.23481,"5,663.86",0.03064,632.48047,0.002,1.53186,,
3.237,"5,667.27",0.03066,632.86139,0.002,1.53322,,
3.23875,"5,666.89",0.03069,632.81836,0.002,1.53432,,
3.23987,"5,662.04",0.0307,632.27698,0.002,1.53502,,
3.2415,"5,658.30",0.03072,631.85913,0.00199,1.53604,,
3.24362,"5,663.05",0.03075,632.38934,0.00199,1.53736,,
3.24512,"5,660.03",0.03077,632.05298,0.00199,1.5383,,
3.2465,"5,656.20",0.03078,631.62433,0.00199,1.53916,,
3.2485,"5,657.44",0.03081,631.76288,0.00199,1.54041,,
3.25037,"5,659.10",0.03083,631.94873,0.00199,1.54158,,
3.25169,"5,654.95",0.03085,631.4856,0.002,1.5424,,
3.25306,"5,649.02",0.03087,630.82257,0.002,1.54326,,
3.25531,"5,655.41",0.03089,631.53662,0.002,1.54467,,
3.25681,"5,651.48",0.03091,631.09735,0.002,1.54561,,
3.25812,"5,647.73",0.03093,630.67871,0.002,1.54643,,
3.26012,"5,648.16",0.03095,630.72668,0.002,1.54768,,
3.26206,"5,650.40",0.03098,630.97754,0.00199,1.54889,,
3.26344,"5,647.31",0.03099,630.63214,0.002,1.54975,,
3.26469,"5,640.21",0.03101,629.8396,0.002,1.55053,,
3.26694,"5,645.13",0.03104,630.38873,0.002,1.55193,,
3.2685,"5,642.36",0.03106,630.07941,0.00199,1.55291,,
3.26987,"5,639.35",0.03108,629.74304,0.00199,1.55377,,
3.27175,"5,638.54",0.0311,629.65271,0.002,1.55494,,
3.27369,"5,641.03",0.03112,629.93066,0.00199,1.55615,,
3.27519,"5,638.21",0.03114,629.61536,0.002,1.55709,,
3.27637,"5,630.55",0.03116,628.76038,0.002,1.55783,,
3.27862,"5,635.11",0.03118,629.26953,0.002,1.55924,,
3.28019,"5,633.14",0.0312,629.05017,0.002,1.56022,,
3.28156,"5,630.05",0.03122,628.70453,0.002,1.56107,,
3.28325,"5,627.56",0.03124,628.427,0.002,1.56213,,
3.28537,"5,630.73",0.03127,628.78003,0.002,1.56346,,
3.28694,"5,628.35",0.03129,628.51538,0.002,1.56443,,
3.288,"5,621.68",0.0313,627.77026,0.002,1.5651,,
3.29031,"5,624.11",0.03133,628.04102,0.002,1.56654,,
3.29181,"5,622.46",0.03135,627.8576,0.002,1.56748,,
3.29325,"5,619.95",0.03137,627.57709,0.002,1.56838,,
3.29487,"5,616.66",0.03139,627.20917,0.002,1.5694,,
3.29706,"5,619.97",0.03142,627.57855,0.002,1.57076,,
3.29869,"5,618.25",0.03144,627.38696,0.002,1.57178,,
3.29975,"5,610.44",0.03145,626.5144,0.002,1.57244,,
3.30181,"5,611.66",0.03147,626.65131,0.002,1.57373,,
3.3035,"5,612.02",0.0315,626.69177,0.002,1.57479,,
3.30506,"5,609.02",0.03152,626.35571,0.002,1.57576,,
3.30656,"5,605.02",0.03153,625.90961,0.002,1.5767,,
3.30869,"5,607.33",0.03156,626.16754,0.002,1.57803,,
3.31037,"5,605.61",0.03158,625.97595,0.002,1.57908,,
3.31144,"5,599.32",0.03159,625.27325,0.002,1.57975,,
3.31344,"5,598.10",0.03162,625.13666,0.002,1.581,,
3.31525,"5,600.67",0.03164,625.42383,0.002,1.58213,,
3.31675,"5,596.84",0.03166,624.99609,0.002,1.58307,,
3.31812,"5,591.32",0.03168,624.37946,0.002,1.58393,,
3.32025,"5,593.60",0.03171,624.63428,0.002,1.58525,,
3.32206,"5,593.08",0.03173,624.57635,0.002,1.58639,,
3.32319,"5,587.31",0.03174,623.93219,0.002,1.58709,,
3.32506,"5,584.17",0.03177,623.58179,0.002,1.58826,,
3.32694,"5,587.10",0.03179,623.9082,0.002,1.58943,,
3.32844,"5,582.73",0.03181,623.42004,0.002,1.59037,,
3.32975,"5,577.51",0.03182,622.8371,0.002,1.59119,,
3.33181,"5,578.38",0.03185,622.93433,0.002,1.59248,,
3.33375,"5,579.11",0.03187,623.01587,0.002,1.59369,,
3.33494,"5,573.46",0.03189,622.3847,0.002,1.59443,,
3.3365,"5,568.58",0.03191,621.84021,0.002,1.59541,,
3.33862,"5,572.21",0.03193,622.24518,0.002,1.59674,,
3.34019,"5,568.21",0.03195,621.79956,0.002,1.59772,,
3.3415,"5,562.94",0.03197,621.21057,0.002,1.59854,,
3.3435,"5,561.80",0.032,621.08374,0.002,1.59979,,
3.34537,"5,562.37",0.03202,621.14691,0.002,1.60096,,
3.34669,"5,557.78",0.03204,620.63483,0.002,1.60178,,
3.34806,"5,550.41",0.03205,619.81134,0.002,1.60264,,
3.35031,"5,555.36",0.03208,620.36444,0.002,1.60404,,
3.35194,"5,550.54",0.0321,619.82562,0.002,1.60506,,
3.35319,"5,544.13",0.03212,619.10974,0.002,1.60584,,
3.355,"5,541.88",0.03214,618.85925,0.002,1.60697,,
3.35694,"5,543.92",0.03216,619.08685,0.002,1.60818,,
3.3585,"5,540.03",0.03218,618.65204,0.002,1.60916,,
3.35975,"5,531.89",0.0322,617.74365,0.002,1.60994,,
3.36194,"5,534.90",0.03223,618.0788,0.002,1.61131,,
3.3635,"5,530.89",0.03225,617.63196,0.002,1.61229,,
3.36487,"5,525.63",0.03226,617.04382,0.002,1.61315,,
3.36656,"5,521.27",0.03228,616.55774,0.002,1.6142,,
3.36869,"5,523.78",0.03231,616.83728,0.002,1.61553,,
3.37025,"5,519.99",0.03233,616.41473,0.002,1.6165,,
3.37137,"5,510.25",0.03234,615.32642,0.002,1.61721,,
3.37356,"5,511.53",0.03237,615.4696,0.002,1.61857,,
3.37519,"5,509.08",0.03239,615.19586,0.002,1.61959,,
3.37669,"5,504.17",0.03241,614.64789,0.002,1.62053,,
3.37819,"5,498.43",0.03243,614.00684,0.002,1.62147,,
3.38025,"5,499.83",0.03246,614.16351,0.002,1.62275,,
3.382,"5,496.68",0.03248,613.81165,0.002,1.62385,,
3.383,"5,486.73",0.03249,612.70062,0.002,1.62447,,
3.38519,"5,486.45",0.03252,612.66907,0.002,1.62584,,
3.38687,"5,485.23",0.03254,612.53223,0.002,1.62689,,
3.38844,"5,480.15",0.03256,611.96503,0.002,1.62787,,
3.38981,"5,472.65",0.03257,611.1275,0.002,1.62873,,
3.39187,"5,473.44",0.0326,611.21606,0.002,1.63002,,
3.39375,"5,470.93",0.03262,610.9353,0.002,1.63119,,
3.39481,"5,461.04",0.03264,609.83087,0.002,1.63186,,
3.39675,"5,457.78",0.03266,609.46686,0.002,1.63307,,
3.3985,"5,456.58",0.03268,609.33386,0.002,1.63416,,
3.40012,"5,451.75",0.0327,608.79376,0.002,1.63518,,
3.40144,"5,443.96",0.03272,607.92456,0.002,1.636,,
3.40362,"5,444.19",0.03275,607.94965,0.002,1.63736,,
3.40544,"5,441.49",0.03277,607.64868,0.002,1.6385,,
3.4065,"5,432.03",0.03278,606.59155,0.002,1.63916,,
3.40825,"5,426.61",0.03281,605.98615,0.002,1.64025,,
3.41019,"5,426.99",0.03283,606.02875,0.002,1.64147,,
3.41181,"5,421.08",0.03285,605.3692,0.002,1.64248,,
3.41312,"5,413.09",0.03287,604.47656,0.002,1.6433,,
3.41525,"5,411.50",0.03289,604.29889,0.002,1.64463,,
3.41706,"5,409.04",0.03292,604.02502,0.002,1.64576,,
3.41825,"5,400.19",0.03293,603.03589,0.002,1.6465,,
3.41975,"5,392.32",0.03295,602.15717,0.002,1.64744,,
3.42194,"5,394.51",0.03298,602.40216,0.002,1.64881,,
3.42356,"5,388.09",0.033,601.68506,0.002,1.64982,,
3.42487,"5,379.96",0.03301,600.77704,0.002,1.65065,,
3.42675,"5,375.29",0.03304,600.25549,0.002,1.65182,,
3.42869,"5,373.99",0.03306,600.11011,0.002,1.65303,,
3.43006,"5,366.22",0.03308,599.24323,0.002,1.65389,,
3.43144,"5,356.76",0.03309,598.18695,0.002,1.65475,,
3.43356,"5,357.03",0.03312,598.21692,0.002,1.65607,,
3.43519,"5,350.14",0.03314,597.44696,0.002,1.65709,,
3.43656,"5,343.63",0.03316,596.72021,0.00201,1.65795,,
3.43837,"5,337.02",0.03318,595.9823,0.00201,1.65908,,
3.44044,"5,336.76",0.03321,595.95331,0.002,1.66037,,
3.44181,"5,327.51",0.03322,594.92041,0.002,1.66123,,
3.44306,"5,316.40",0.03324,593.67987,0.002,1.66201,,
3.44519,"5,316.10",0.03327,593.64618,0.002,1.66334,,
3.44687,"5,310.26",0.03329,592.99408,0.002,1.6644,,
3.44825,"5,302.40",0.03331,592.11597,0.002,1.66525,,
3.44994,"5,295.20",0.03333,591.31195,0.002,1.66631,,
3.45206,"5,294.89",0.03335,591.27704,0.002,1.66764,,
3.45356,"5,285.90",0.03337,590.27332,0.002,1.66857,,
3.45469,"5,274.42",0.03339,588.99109,0.002,1.66928,,
3.45681,"5,272.46",0.03341,588.77325,0.00201,1.67061,,
3.45856,"5,267.89",0.03343,588.26263,0.002,1.6717,,
3.45994,"5,258.21",0.03345,587.18195,0.002,1.67256,,
3.4615,"5,249.67",0.03347,586.22833,0.002,1.67354,,
3.46369,"5,248.37",0.0335,586.08276,0.002,1.6749,,
3.46531,"5,240.46",0.03352,585.19946,0.00201,1.67592,,
3.46644,"5,228.00",0.03353,583.80786,0.00201,1.67662,,
3.46844,"5,223.29",0.03356,583.28192,0.00201,1.67787,,
3.47019,"5,218.99",0.03358,582.80206,0.00201,1.67897,,
3.47175,"5,210.45",0.0336,581.84827,0.002,1.67994,,
3.47312,"5,199.50",0.03362,580.62592,0.002,1.6808,,
3.47531,"5,197.72",0.03364,580.42609,0.002,1.68217,,
3.47706,"5,190.83",0.03367,579.6571,0.002,1.68326,,
3.47812,"5,177.93",0.03368,578.21649,0.00201,1.68393,,
3.48,"5,170.80",0.0337,577.42072,0.00201,1.6851,,
3.48187,"5,167.76",0.03373,577.08099,0.00201,1.68627,,
3.48344,"5,157.65",0.03374,575.9516,0.00201,1.68725,,
3.48481,"5,147.23",0.03376,574.78882,0.00201,1.68811,,
3.487,"5,143.72",0.03379,574.39624,0.00201,1.68947,,
3.48875,"5,135.27",0.03381,573.45337,0.00201,1.69057,,
3.48987,"5,122.51",0.03383,572.02832,0.00201,1.69127,,
3.49156,"5,112.47",0.03385,570.90674,0.00201,1.69232,,
3.49362,"5,110.39",0.03387,570.6748,0.00201,1.69361,,
3.49512,"5,099.33",0.03389,569.43915,0.002,1.69455,,
3.49644,"5,087.34",0.03391,568.10046,0.002,1.69537,,
3.4985,"5,082.06",0.03393,567.51105,0.002,1.69666,,
3.50037,"5,074.74",0.03396,566.6933,0.002,1.69783,,
3.50169,"5,061.38",0.03397,565.20154,0.00201,1.69865,,
3.50306,"5,048.81",0.03399,563.79828,0.00201,1.69951,,
3.50525,"5,047.34",0.03402,563.63342,0.00201,1.70088,,
3.50681,"5,034.25",0.03404,562.17224,0.002,1.70186,,
3.50812,"5,022.19",0.03405,560.82483,0.002,1.70268,,
3.51012,"5,014.30",0.03408,559.94464,0.002,1.70393,,
3.51206,"5,006.88",0.0341,559.11554,0.002,1.70514,,
3.51344,"4,993.60",0.03412,557.63263,0.002,1.706,,
3.51469,"4,978.13",0.03414,555.9046,0.002,1.70678,,
3.51687,"4,973.92",0.03416,555.435,0.002,1.70815,,
3.51844,"4,961.78",0.03418,554.07935,0.002,1.70912,,
3.51987,"4,948.79",0.0342,552.62885,0.002,1.71002,,
3.52175,"4,937.89",0.03422,551.41144,0.00201,1.71119,,
3.52369,"4,929.93",0.03425,550.52252,0.00201,1.7124,,
3.52519,"4,914.97",0.03427,548.85236,0.00201,1.71334,,
3.52631,"4,898.00",0.03428,546.95648,0.00201,1.71404,,
3.52862,"4,893.11",0.03431,546.41058,0.00201,1.71549,,
3.53019,"4,879.28",0.03433,544.86682,0.00201,1.71647,,
3.53156,"4,864.55",0.03435,543.22125,0.002,1.71732,,
3.53325,"4,851.18",0.03437,541.72858,0.002,1.71838,,
3.53537,"4,842.72",0.03439,540.784,0.00201,1.71971,,
3.53694,"4,826.26",0.03441,538.9458,0.002,1.72068,,
3.53806,"4,806.55",0.03443,536.74469,0.002,1.72139,,
3.54031,"4,798.58",0.03446,535.85541,0.002,1.72279,,
3.54181,"4,782.53",0.03447,534.06244,0.00201,1.72373,,
3.54325,"4,766.40",0.03449,532.26166,0.00201,1.72463,,
3.54487,"4,750.96",0.03451,530.53711,0.00201,1.72564,,
3.54706,"4,740.72",0.03454,529.39398,0.00201,1.72701,,
3.54869,"4,722.01",0.03456,527.30469,0.00201,1.72803,,
3.54969,"4,699.31",0.03457,524.76886,0.00201,1.72865,,
3.55181,"4,687.06",0.0346,523.40137,0.00201,1.72998,,
3.5535,"4,670.45",0.03462,521.54688,0.002,1.73104,,
3.55506,"4,651.23",0.03464,519.4007,0.002,1.73201,,
3.55656,"4,630.05",0.03466,517.03467,0.002,1.73295,,
3.55869,"4,615.28",0.03469,515.38556,0.00201,1.73428,,
3.56037,"4,592.79",0.03471,512.87396,0.00201,1.73533,,
3.56144,"4,566.42",0.03472,509.92981,0.00201,1.736,,
3.56344,"4,547.15",0.03474,507.77762,0.002,1.73725,,
3.56525,"4,524.54",0.03477,505.2529,0.00201,1.73838,,
3.56675,"4,494.91",0.03479,501.94412,0.002,1.73932,,
3.56812,"4,466.09",0.0348,498.72552,0.002,1.74018,,
3.57025,"4,442.21",0.03483,496.05908,0.00201,1.7415,,
3.57206,"4,408.38",0.03485,492.28149,0.00201,1.74264,,
3.57319,"4,363.61",0.03487,487.28186,0.00201,1.74334,,
3.57506,"4,325.11",0.03489,482.98267,0.00201,1.74451,,
3.57694,"4,277.52",0.03491,477.66818,0.002,1.74568,,
3.57844,"4,204.85",0.03493,469.55322,0.00201,1.74662,,
3.579,"4,074.76",0.03494,455.02646,0.00201,1.74697,,
3.57919,"3,791.46",0.03494,423.3898,0.002,1.74709,,
3.57931,"3,602.48",0.03494,402.28735,0.002,1.74717,,
3.57944,"3,396.65",0.03494,379.30164,0.002,1.74725,,
3.57962,"3,174.00",0.03495,354.43918,0.002,1.74736,,
3.57975,"2,939.20",0.03495,328.21902,0.002,1.74744,,
3.57987,"2,700.19",0.03495,301.52856,0.00199,1.74752,,
3.58,"2,461.65",0.03495,274.89154,0.00197,1.7476,,
